"Group.1";"system.index";"B";"G";"NIR";"R";"SWIR1";"SWIR2";"evi";"gvmi";"msi";"ndmi";"ndvi";".geo";"coordinates";"N";"E";"date";"year";"month";"season"
1984-04-16;NA;0.191055042787286;0.215392789323553;0.334618109209454;0.232286462917685;0.307811638141809;0.230666764466178;0.1960129902388;0.285614550424884;0.903680293895469;0.054726617020978;0.181824696299918;NA;NA;52.1760586998169;6.95415479484859;1984-04-16;1984;4;NA
1984-08-15;NA;0.059529822549493;0.0820284608884597;0.399485791887977;0.0629471390632545;0.182059040318687;0.0808247018348624;0.630474032073465;0.664283132714637;0.455242844410176;0.375972537875423;0.726822088078223;NA;NA;52.1771012424712;6.95370144172643;1984-08-15;1984;8;NA
1984-08-22;NA;0.0452965342829551;0.0641684922742636;0.357059599227426;0.0489256844519556;0.171671648961854;0.074356332689522;0.585523952297709;0.656355363827776;0.483084701600238;0.349735066764848;0.756184865060357;NA;NA;52.1771012424712;6.95370144172643;1984-08-22;1984;8;NA
1984-10-25;NA;0.0600697;0.0737702;0.1833995;0.0758954;0.1341041;0.072107;0.221423745667331;0.521794802712021;0.712987527563747;0.170218722;0.4015328544;NA;NA;52.175407546429;6.94632534239659;1984-10-25;1984;10;NA
1985-02-14;NA;0.153557742392986;0.182418701650335;0.28444068076328;0.208753149819495;0.199659343733883;0.128999859463641;0.13732744334969;0.44252027416786;0.703967286652769;0.176124013740072;0.154967206938628;NA;NA;52.1771720841162;6.95387976346294;1985-02-14;1985;2;NA
1985-05-21;NA;0.125251297814208;0.156284180327869;0.336004316939891;0.153145546448087;0.277705669398907;0.174477035519126;0.348308179576339;0.387081978803749;0.82935849400655;0.0970846397204173;0.386163573378043;NA;NA;52.1771212963674;6.95382079409086;1985-05-21;1985;5;NA
1985-07-24;NA;0.0289069857556736;0.0504160888459681;0.339909305890874;0.036463935296958;0.1758695750845;0.0735446378561082;0.563001690748506;0.648647936025385;0.51899921227111;0.31807832453887;0.803156904041526;NA;NA;52.1771012424712;6.95370144172643;1985-07-24;1985;7;NA
1985-09-26;NA;0.0500708450024143;0.0707238894253984;0.290537298406567;0.0617073551424433;0.194560240222115;0.0917086733462096;0.444575466294448;0.556625122157448;0.668333208396772;0.200763500958474;0.648750121994206;NA;NA;52.1771012424712;6.95370144172643;1985-09-26;1985;9;NA
1985-10-12;NA;0.0441813054187192;0.0649672752463054;0.220638645320197;0.066128947044335;0.170837330665025;0.08957273091133;0.294552556663133;0.508634371064975;0.755468555512538;0.14234989879064;0.543970149174877;NA;NA;52.1736558581762;6.95098057593124;1985-10-12;1985;10;NA
1985-10-21;NA;0.0398198913568324;0.0594419845485273;0.200221376146789;0.0679697996137132;0.196938757846451;0.104629065668759;0.252422285366588;0.417702309436623;0.982516496738236;0.0136472695158184;0.49384539740705;NA;NA;52.1771012424712;6.95370144172643;1985-10-21;1985;10;NA
1985-11-06;NA;0.158778095238095;0.16092244047619;0.212719345238095;0.161270773809524;0.168023988095238;0.142875892857143;0.130231286680091;0.324377028325117;0.782409516524161;0.122939446071429;0.139714350809524;NA;NA;52.1764680717873;6.9490269614482;1985-11-06;1985;11;NA
1986-01-25;NA;0.154397218204489;0.175632004987531;0.269883557356608;0.187017100997506;0.222981024937656;0.162474139650873;0.1675717512405;0.404307955446124;0.784918965808016;0.124775915576294;0.204297795485287;NA;NA;52.1772163456971;6.95375325833976;1986-01-25;1986;1;NA
1986-02-17;NA;0.0809180532687651;0.106925795399516;0.209283911622276;0.129836265133172;0.257854291767554;0.173545071428571;0.14391508366504;0.236981340824684;1.22294940474942;-0.0969578313450847;0.235932039068281;NA;NA;52.1771120311651;6.9537132526006;1986-02-17;1986;2;NA
1986-02-26;NA;0.179511294922989;0.197933910439247;0.284032002281803;0.215187862236167;0.223722870792926;0.152189440958357;0.141123156138146;0.383303669738417;0.788506414123068;0.12230225392316;0.139811977637193;NA;NA;52.1773102304701;6.95403205122484;1986-02-26;1986;2;NA
1986-03-30;NA;0.111138602236422;0.137967268370607;0.259176988817891;0.166047667731629;0.276802819488818;0.177242364217252;0.162530393651938;0.302704303330062;1.05095678545683;-0.0215315488499681;0.218723831364217;NA;NA;52.1793362436586;6.9579717790639;1986-03-30;1986;3;NA
1986-05-01;NA;0.0752526521004346;0.104284512312892;0.221804135683245;0.125238542974409;0.2659054249155;0.187808346209561;0.171469219497643;0.220230645597882;1.19308748212756;-0.0863224945567117;0.281308663249638;NA;NA;52.1771012424712;6.95370144172643;1986-05-01;1986;5;NA
1986-05-17;NA;0.0772984874456784;0.110170016900048;0.276394995171415;0.119411942298407;0.269838177209078;0.180312876629648;0.279401264340051;0.309988987221598;0.979808041708159;0.0166634255787108;0.398439688903911;NA;NA;52.1771012424712;6.95370144172643;1986-05-17;1986;5;NA
1986-06-02;NA;0.0622073155737705;0.0943293818306011;0.326130525956284;0.0937643920765027;0.284708012295082;0.169514419398907;0.409676842589482;0.386302768735862;0.890472253056852;0.0696630385714208;0.550562124849727;NA;NA;52.1812277753343;6.95678108433862;1986-06-02;1986;6;NA
1986-06-09;NA;0.040947484307098;0.069051036938677;0.248493781989377;0.0675762216320618;0.211229237083535;0.120460208836311;0.335068758643875;0.428623233682241;0.857277964998809;0.0850887550785128;0.569727890878802;NA;NA;52.1771012424712;6.95370144172643;1986-06-09;1986;6;NA
1986-06-25;NA;0.111543840956341;0.133998248440748;0.424891361746362;0.112193778586279;0.257615036382536;0.138738196465696;0.618790524227818;0.537757653228173;0.605141218088047;0.247683645592516;0.586012338731809;NA;NA;52.1751756130018;6.95071609833424;1986-06-25;1986;6;NA
1986-07-04;NA;0.186939550970874;0.190837475728155;0.522993555825243;0.150336383495146;0.305872845873786;0.149040345873786;0.914079209102688;0.573408135472418;0.585971470833611;0.262045748276699;0.556226672257282;NA;NA;52.1757097989968;6.95706616683152;1986-07-04;1986;7;NA
1986-07-11;NA;0.0470637294043093;0.0759464670468948;0.448992715462611;0.0574720088719899;0.229028650190114;0.0999999746514575;0.678632031544046;0.642790586343502;0.511082164360253;0.325838656565272;0.778123637984791;NA;NA;52.1811204764087;6.95652435643572;1986-07-11;1986;7;NA
1986-08-12;NA;0.0421654381941091;0.0646599203283438;0.37661139546113;0.0484654080154515;0.193779165861902;0.0815643469338484;0.605756864693458;0.647824843304438;0.518452586123374;0.319724021830034;0.769538876900048;NA;NA;52.1771012424712;6.95370144172643;1986-08-12;1986;8;NA
1986-08-21;NA;0.0334802317720908;0.0549489413326895;0.354450857073877;0.0426946970062772;0.190223645581845;0.0834370690487687;0.571478035561373;0.627414783473892;0.544157196152577;0.299083398757122;0.782035373756639;NA;NA;52.1771012424712;6.95370144172643;1986-08-21;1986;8;NA
1986-09-13;NA;0.0676097766779334;0.0847008474167069;0.319306627233221;0.070446924191212;0.194273010622887;0.0883067201834862;0.502792208652172;0.590144949670441;0.609531683856736;0.246054393817479;0.636006558701111;NA;NA;52.1771012424712;6.95370144172643;1986-09-13;1986;9;NA
1986-10-24;NA;0.0447949746499276;0.0726794567841622;0.215358499517141;0.0892875977788508;0.198394093433124;0.108006639304684;0.223523386087406;0.427958079839263;0.916442497313069;0.0478011681909126;0.417543691646548;NA;NA;52.1771012424712;6.95370144172643;1986-10-24;1986;10;NA
1987-07-14;NA;0.0339205357142857;0.0589074330357143;0.334289397321429;0.0483060714285714;0.209341205357143;0.0993777455357143;0.51956682600563;0.570563828019125;0.626729536040891;0.233857029736201;0.744819998100649;NA;NA;52.1751281820421;6.95224675092192;1987-07-14;1987;7;NA
1987-08-15;NA;0.0374760309029454;0.0588547778850797;0.390650842588122;0.0418390366972477;0.192076662240464;0.0786140922259778;0.638655597945141;0.664652969735593;0.493409365332546;0.340401370053114;0.803544527658136;NA;NA;52.1771012424712;6.95370144172643;1987-08-15;1987;8;NA
1987-10-02;NA;0.0323783993239981;0.052305090535973;0.25597518952197;0.0469873128923225;0.183180047078706;0.0869324505070014;0.402311248089127;0.539166547545123;0.714440206952471;0.167610490666828;0.688046776740705;NA;NA;52.1771012424712;6.95370144172643;1987-10-02;1987;10;NA
1987-10-18;NA;0.0375746511347175;0.0591775808788025;0.202198401738291;0.0656948949782714;0.191336100917431;0.10133869266055;0.259308580442542;0.430496074988793;0.942660952593252;0.0324938826994544;0.510931462713665;NA;NA;52.1771012424712;6.95370144172643;1987-10-18;1987;10;NA
1988-04-27;NA;0.0619712940608402;0.0923571209560599;0.211883739739256;0.109004553355867;0.255279748913568;0.178356379768228;0.184476940270396;0.229867325170311;1.19615183052852;-0.0857564035717045;0.32627723160309;NA;NA;52.1771012424712;6.95370144172643;1988-04-27;1988;4;NA
1988-05-13;NA;0.0564272621921777;0.0867014823756639;0.238490142443264;0.097456080395944;0.245378434331241;0.161045468372767;0.253675838657392;0.309710141588997;1.03174593938701;-0.00747900107930468;0.423944130936746;NA;NA;52.1771012424712;6.95370144172643;1988-05-13;1988;5;NA
1988-06-14;NA;0.0430336202317721;0.0699944024625785;0.282192436021246;0.0618056566875905;0.201514579913085;0.112025543215838;0.413764292803645;0.486920923794901;0.717947438246401;0.167353519551424;0.639309307324964;NA;NA;52.1771012424712;6.95370144172643;1988-06-14;1988;6;NA
1988-06-30;NA;0.0469375181071946;0.0725302450507001;0.368784770642202;0.054250619266055;0.204498469338484;0.0931022899565427;0.584913612350106;0.612023030288539;0.55498472196214;0.288560046028006;0.743002905514244;NA;NA;52.1771012424712;6.95370144172643;1988-06-30;1988;6;NA
1988-08-01;NA;0.0438035598656078;0.0685911224801466;0.387069983200977;0.0521685323762981;0.209780355833842;0.0925676786805131;0.608458462843112;0.624711099620644;0.54222644239483;0.29769772473427;0.761657323848503;NA;NA;52.1757234790305;6.95285962960503;1988-08-01;1988;8;NA
1988-11-05;NA;0.0505666948334138;0.0707499022211492;0.190383227909223;0.0887303742153549;0.229578084258812;0.139259439884114;0.189387598993836;0.299918630617433;1.1952632612457;-0.0842048443283921;0.367451720801545;NA;NA;52.1771012424712;6.95370144172643;1988-11-05;1988;11;NA
1988-11-21;NA;0.0563756747947851;0.0726399263640753;0.17578981047803;0.0888095811202318;0.1390260948817;0.078118375181072;0.169696160230615;0.478305193866327;0.78727519706221;0.121344237289812;0.333898801950748;NA;NA;52.1771012424712;6.95370144172643;1988-11-21;1988;11;NA
1989-02-09;NA;0.0507523953077699;0.0708514959636731;0.164088345105954;0.0870803254288597;0.195003076437941;0.119491420282543;0.147393643993035;0.317894898209394;1.17803823838574;-0.0780807489747831;0.312113593365288;NA;NA;52.1768418885281;6.95366000601528;1989-02-09;1989;2;NA
1989-03-06;NA;0.0538064232254949;0.0757179212940608;0.181575831723805;0.0950856892805408;0.215022417914051;0.144091831240946;0.160424854123969;0.271507131854196;1.17465048546332;-0.0780100721858523;0.319517929802028;NA;NA;52.1771012424712;6.95370144172643;1989-03-06;1989;3;NA
1989-04-30;NA;0.066132038530466;0.095485495818399;0.228756212664277;0.104504000896057;0.259177488052569;0.180582093787336;0.229179325967808;0.250509966218729;1.12744541536708;-0.0533405072209976;0.375598874205496;NA;NA;52.1758507732583;6.95326746495644;1989-04-30;1989;4;NA
1989-05-09;NA;0.0672153754225012;0.0954119978271366;0.245080794302269;0.102610185900531;0.239201211974891;0.160712759536456;0.26400449034725;0.317569687563262;0.978615347001197;0.0171289049986577;0.412438839208112;NA;NA;52.1771012424712;6.95370144172643;1989-05-09;1989;5;NA
1989-05-16;NA;0.0698192044905842;0.0980970255915017;0.262982364799614;0.103315426122646;0.251061559633028;0.164193016658619;0.295892450472152;0.332092167385807;0.961660382018336;0.0284123010547397;0.439298546190246;NA;NA;52.1771012424712;6.95370144172643;1989-05-16;1989;5;NA
1989-05-25;NA;0.0471040584258812;0.0757338290680831;0.254216796233704;0.0794639232254949;0.237044141718976;0.144860808788025;0.317906481175176;0.36909067348034;0.938047185978995;0.0395886487533375;0.525098788551424;NA;NA;52.1771012424712;6.95370144172643;1989-05-25;1989;5;NA
1989-06-26;NA;0.0478424818928054;0.0722444097054563;0.35474260140029;0.056910563737325;0.216234622163206;0.106692681071946;0.556138098533656;0.56522454118693;0.610921287467944;0.244649281566876;0.722259434123612;NA;NA;52.1771012424712;6.95370144172643;1989-06-26;1989;6;NA
1989-07-03;NA;0.0254265560115886;0.0491379430226943;0.295119640270401;0.0376671366489619;0.179556248189281;0.0829802583293095;0.482410442536859;0.586427384205752;0.612664395901263;0.243518000054563;0.771238609608885;NA;NA;52.1771012424712;6.95370144172643;1989-07-03;1989;7;NA
1989-08-13;NA;0.0477019919354839;0.0690826741935484;0.38766639516129;0.0549423693548387;0.218697879032258;0.0957048919354839;0.610009444978167;0.616150541358543;0.566808374651452;0.278421550045161;0.751070279683871;NA;NA;52.1754729205994;6.95284606815445;1989-08-13;1989;8;NA
1989-08-20;NA;0.0375899082568807;0.0572252933365524;0.344438015451473;0.0444850917431193;0.192689642684693;0.081265193143409;0.563097775465815;0.628512190054433;0.562521462193181;0.282613152107967;0.769450431443747;NA;NA;52.1771012424712;6.95370144172643;1989-08-20;1989;8;NA
1989-11-17;NA;0.0606167287234042;0.0831539494680851;0.204113390957447;0.102404813829787;0.23996727393617;0.14734710106383;0.18755688324516;0.30201838489415;1.15997814174724;-0.0678390714740329;0.338342308225339;NA;NA;52.1771091050068;6.95370531869041;1989-11-17;1989;11;NA
1990-02-05;NA;0.0526831591018831;0.0726617298406567;0.176253698696282;0.0938490523901497;0.215837219942057;0.141432590535973;0.153942249415675;0.274198584221186;1.210147852807;-0.0909383827103332;0.314452098252052;NA;NA;52.1771012424712;6.95370144172643;1990-02-05;1990;2;NA
1990-02-21;NA;0.0653393898305085;0.0865588958837772;0.192088115012107;0.105102911622276;0.228946118644068;0.147159453995157;0.163336433757052;0.282841416882402;1.17524129852666;-0.0764149781766586;0.297567918300242;NA;NA;52.1771112481299;6.95370411719093;1990-02-21;1990;2;NA
1990-03-16;NA;0.0656837675036214;0.0895273696281989;0.195781062288749;0.108557781265089;0.233346938676968;0.15362858160309;0.160755922561458;0.27177674373681;1.17317907336973;-0.0748561087593288;0.28933722563013;NA;NA;52.1771012424712;6.95370144172643;1990-03-16;1990;3;NA
1990-04-01;NA;0.0572282677450507;0.0835767334620956;0.195417002655722;0.101874497827137;0.234128955818445;0.156756278367938;0.169986382628308;0.263768849861918;1.17846811777447;-0.0760795906305587;0.320771019058426;NA;NA;52.1771012424712;6.95370144172643;1990-04-01;1990;4;NA
1990-04-26;NA;0.0838433967391304;0.112582309782609;0.270093505434783;0.122023913043478;0.258894456521739;0.171979347826087;0.271350376419072;0.324468526238276;0.956619546358206;0.0294376528932411;0.381037903922925;NA;NA;52.1766991178697;6.95467899281347;1990-04-26;1990;4;NA
1990-05-03;NA;0.0474871330275229;0.0761233039594399;0.211107472235635;0.088705370593916;0.226647335828102;0.147895316272332;0.222200882414117;0.310987589711186;1.07271007418384;-0.0227013352080831;0.416081300072429;NA;NA;52.1771012424712;6.95370144172643;1990-05-03;1990;5;NA
1990-05-19;NA;0.0434281808305167;0.0703433510381458;0.246783802510864;0.0716657943022694;0.210156524625785;0.12431464389184;0.323561720037993;0.418502239865293;0.85349278172811;0.0893699748284742;0.547965428165138;NA;NA;52.1771012424712;6.95370144172643;1990-05-19;1990;5;NA
1990-06-29;NA;0.0527333256880734;0.0742427474649928;0.342140006035732;0.0558262590535973;0.198180281265089;0.10886739859971;0.554198504345634;0.546262907666578;0.587230910627463;0.265538034328682;0.713801150072429;NA;NA;52.1771012424712;6.95370144172643;1990-06-29;1990;6;NA
1990-07-15;NA;0.0267895388701111;0.0492065668759054;0.297048730082086;0.0368556675519073;0.17230675156929;0.0844775410429744;0.487880800361924;0.578922343347297;0.594930103999738;0.259702784012313;0.76750627283438;NA;NA;52.1771012424712;6.95370144172643;1990-07-15;1990;7;NA
1990-07-22;NA;0.0497975355029586;0.0694878121301775;0.363927399408284;0.0583031390532544;0.201688903846154;0.098387724852071;0.565829628352063;0.594573354188126;0.562015481631661;0.285382990553728;0.728122000343195;NA;NA;52.1769933546257;6.95467007479095;1990-07-22;1990;7;NA
1990-07-31;NA;0.0341022018348624;0.0512261105746016;0.337957084741671;0.0373648889425398;0.174910275229358;0.0785101605504587;0.569484512632401;0.629041953001593;0.526275481048842;0.314042418571705;0.79268428911154;NA;NA;52.1771012424712;6.95370144172643;1990-07-31;1990;7;NA
1990-10-19;NA;0.0510068940125543;0.0676326822790922;0.212595127957508;0.0734761467889908;0.17189928416224;0.0939181409946886;0.272881616688347;0.471702654948304;0.803630909103982;0.11264165981381;0.487293125282472;NA;NA;52.1771012424712;6.95370144172643;1990-10-19;1990;10;NA
1990-10-26;NA;0.0363547187349107;0.0571168203766296;0.18317115041043;0.0685631011588605;0.170006644133269;0.0908669157411878;0.21615246084614;0.444150845128174;0.917739233073424;0.0484197167490101;0.456426513862868;NA;NA;52.1771012424712;6.95370144172643;1990-10-26;1990;10;NA
1991-03-03;NA;0.0711193233446109;0.0951666445142581;0.190969281053649;0.120062385210246;0.199829159014016;0.122631927259546;0.128371242402262;0.350022827894836;1.03814710194366;-0.0153881351585307;0.232064065639439;NA;NA;52.1771039633929;6.95370267916656;1991-03-03;1991;3;NA
1991-04-04;NA;0.0764575;0.097495;0.220328333333333;0.131576666666667;0.267683333333333;0.164475833333333;0.154557485684695;0.269197573106323;1.21531014474817;-0.09713068;0.252323496666667;NA;NA;52.1771610578636;6.94716616550253;1991-04-04;1991;4;NA
1991-07-02;NA;0.0356844543698696;0.0575523587638822;0.293345936745534;0.0455915717044906;0.179484968614196;0.0833704369869628;0.473412784922374;0.586157311788299;0.608870612673833;0.24699139540367;0.72743598962337;NA;NA;52.1771012424712;6.95370144172643;1991-07-02;1991;7;NA
1991-07-09;NA;0.0328627129337539;0.0575233596214511;0.29818554679285;0.0444143322818086;0.150249282334385;0.0654282649842271;0.474847104553249;0.651101369511778;0.495713129932353;0.341076078990536;0.734589789726604;NA;NA;52.1802994937537;6.95377345861437;1991-07-09;1991;7;NA
1991-08-26;NA;0.0499816393046837;0.069933134958957;0.363513985997103;0.0558770364558184;0.185931242153549;0.07962104901014;0.575958005805674;0.64574520997662;0.51283122585725;0.324550427947851;0.726798379507484;NA;NA;52.1771012424712;6.95370144172643;1991-08-26;1991;8;NA
1991-09-04;NA;0.0454133278985507;0.058686481884058;0.341497657608696;0.0460752807971014;0.184469768115942;0.0792870307971014;0.572967085020995;0.632697135828516;0.540142610390827;0.300581700652174;0.755846049057971;NA;NA;52.1768198933416;6.95505884170317;1991-09-04;1991;9;NA
1991-10-29;NA;0.0488128185562016;0.0701102628391473;0.184601929505814;0.0784768980135659;0.189656799903101;0.104771281492248;0.205668946172046;0.398424760805553;1.01766865857438;-0.000473031278118217;0.403210741424419;NA;NA;52.1771096136453;6.9537071542341;1991-10-29;1991;10;NA
1992-02-18;NA;0.127036875;0.1350496875;0.191139375;0.138765625;0.1245103125;0.083504375;0.12214906892582;0.475135037702455;0.65371399572288;0.21035806;0.1581077375;NA;NA;52.1831460834441;6.95508256894383;1992-02-18;1992;2;NA
1992-03-05;NA;0.0976114021905247;0.12221790626592;0.225323251400917;0.138823815588385;0.238378690779419;0.156975398624554;0.163040954991334;0.299523381171451;1.0507583208382;-0.0229193332651859;0.238190625618951;NA;NA;52.1770457824586;6.95393208585106;1992-03-05;1992;3;NA
1992-05-17;NA;0.0878278005794302;0.122692754707871;0.308407836793819;0.128372135441816;0.272906492032834;0.167896288025109;0.317055157320034;0.376379002214532;0.885438415420426;0.0686053129268083;0.412042441347175;NA;NA;52.1771012424712;6.95370144172643;1992-05-17;1992;5;NA
1992-05-24;NA;0.0492641827619507;0.0838752631578947;0.270752807822308;0.084228580395944;0.223260068807339;0.128378323273781;0.334096522324974;0.435245051506582;0.820923038065006;0.107182917339826;0.524202161578947;NA;NA;52.1771012424712;6.95370144172643;1992-05-24;1992;5;NA
1992-06-02;NA;0.243342980673935;0.254880198216056;0.404619020069376;0.243598943260654;0.248253066154609;0.178763795837463;0.386643334137151;0.439118989947685;0.611657530565046;0.2414346882111;0.249295195099108;NA;NA;52.1771950674214;6.95379201973765;1992-06-02;1992;6;NA
1992-06-09;NA;0.348776366197183;0.366974316901408;0.51045610915493;0.34971826056338;0.364405623239437;0.275294003521127;0.405245142143283;0.351902920298924;0.710663966073929;0.169535377464789;0.192264849535211;NA;NA;52.1758673573312;6.95179312183214;1992-06-09;1992;6;NA
1992-06-25;NA;0.130125496215307;0.161299440706476;0.459777317073171;0.149818248528175;0.298178805719092;0.1741163372582;0.560232896592633;0.491577514024098;0.645340074816147;0.217224366749369;0.518697200723297;NA;NA;52.1750768001897;6.95419433043019;1992-06-25;1992;6;NA
1992-07-27;NA;0.1351328113879;0.14960381376038;0.290445699881376;0.132832597864769;0.155030121589561;0.0847361091340451;0.366739542507345;0.582796218464714;0.529154658220511;0.30969835569395;0.375671159608541;NA;NA;52.1810931852639;6.95578231978637;1992-07-27;1992;7;NA
1992-08-05;NA;0.0366495569773056;0.0583617696764848;0.333110259536456;0.0506442551907291;0.201229421776919;0.0896067225977789;0.514907175267264;0.595207982595851;0.612141403233419;0.246309339937228;0.728938421747948;NA;NA;52.1771012424712;6.95370144172643;1992-08-05;1992;8;NA
1992-08-21;NA;0.243072142857143;0.251188571428571;0.41796625;0.237540714285714;0.295960535714286;0.177580892857143;0.442235966237871;0.447867071356931;0.708337499783778;0.170935196428571;0.276356689285714;NA;NA;52.1697820394583;6.95007285710043;1992-08-21;1992;8;NA
1992-09-06;NA;0.106066410958904;0.116353859589041;0.305831496575342;0.105402719178082;0.19596425;0.098962897260274;0.433298136275017;0.560466581475875;0.62622588669864;0.234973973042466;0.497081677958904;NA;NA;52.1733793966312;6.95072017149166;1992-09-06;1992;9;NA
1992-10-15;NA;0.0641625088562753;0.0847976126012146;0.234471414473684;0.0917644369939271;0.208208051619433;0.112198982793522;0.273362208347689;0.440435207264824;0.882898387107013;0.0686477885927632;0.436970128734818;NA;NA;52.1769238408012;6.95380451542245;1992-10-15;1992;10;NA
1993-03-08;NA;0.061435382665379;0.0813427003862868;0.175542416706905;0.1004479901014;0.208077174070497;0.135845283679382;0.141863347622554;0.287971461465359;1.1675741427712;-0.0727713432679382;0.272964157078706;NA;NA;52.1771012424712;6.95370144172643;1993-03-08;1993;3;NA
1993-04-09;NA;0.0668890403186866;0.0915477764365041;0.198098352245292;0.109291636890391;0.241948476581362;0.166096133510381;0.16371952945568;0.24153286830318;1.20449195132094;-0.088575573109802;0.291082006455818;NA;NA;52.1771012424712;6.95370144172643;1993-04-09;1993;4;NA
1993-05-04;NA;0.0784270662905501;0.108200373765867;0.27433442877292;0.117060105782793;0.251805722849083;0.169334541607898;0.284285929918158;0.330810767795271;0.923209136241135;0.045856924288378;0.402394652778561;NA;NA;52.1763215321834;6.95601349408638;1993-05-04;1993;5;NA
1993-05-11;NA;0.0497946233703525;0.0763167865765331;0.232167452921294;0.0825775446644133;0.219846735876388;0.141831758812168;0.276084526219606;0.35248181275297;0.949722973971198;0.0371389178199343;0.475039004857557;NA;NA;52.1771012424712;6.95370144172643;1993-05-11;1993;5;NA
1993-06-05;NA;0.0525086914534042;0.0750620907774022;0.324059599227426;0.0620360405601159;0.219767502414293;0.115938364316755;0.500825958236015;0.517917940595839;0.675612443210547;0.198855863941091;0.675408945886045;NA;NA;52.1771012424712;6.95370144172643;1993-06-05;1993;6;NA
1993-10-18;NA;0.0343005444229841;0.0528949396426847;0.172578285852245;0.0638285067600193;0.1832889051183;0.101599511105746;0.208412266240906;0.391660452785454;1.04919099844905;-0.0179955315511637;0.461253085432158;NA;NA;52.1771012424712;6.95370144172643;1993-10-18;1993;10;NA
1994-04-21;NA;0.186941192988428;0.204272501701838;0.330117200476515;0.204571369979578;0.314439785568414;0.214531349557522;0.272428518768947;0.296711404091477;0.951394236490429;0.0266560715278625;0.235583268931246;NA;NA;52.1776144961095;6.95369475897073;1994-04-21;1994;4;NA
1994-05-14;NA;0.0606424903428295;0.0882763254466441;0.25850120593916;0.0953481011588605;0.246179639063254;0.15525004587156;0.296262479288932;0.35127671460369;0.947361143673257;0.0348840029547513;0.461962207774022;NA;NA;52.1771012424712;6.95370144172643;1994-05-14;1994;5;NA
1994-06-24;NA;0.0317231796233704;0.0539947006277161;0.28658373853211;0.0466020207629165;0.198542216320618;0.0987958389666828;0.448489563069286;0.532982004651035;0.692751415704363;0.186623717478692;0.71693013689522;NA;NA;52.1771012424712;6.95370144172643;1994-06-24;1994;6;NA
1994-07-10;NA;0.057895;0.068668125;0.398585625;0.049981875;0.189063125;0.07652625;0.688487563163627;0.675924389762762;0.474894198519997;0.35607567;0.776500075;NA;NA;52.1707156457001;6.94750303373407;1994-07-10;1994;7;NA
1994-07-26;NA;0.043311329068083;0.0656363495895703;0.374342944229841;0.0473938507967166;0.191699788749396;0.0848637626750362;0.608935285700142;0.638783559904876;0.511750392406312;0.327422428957026;0.770243132723322;NA;NA;52.1771012424712;6.95370144172643;1994-07-26;1994;7;NA
1994-08-02;NA;0.0295505202800579;0.0505499239497827;0.320808464509899;0.040256983341381;0.175155185900531;0.0769593252052149;0.518245369893827;0.624352938905722;0.551996324809924;0.293378486738291;0.768732855774988;NA;NA;52.1771012424712;6.95370144172643;1994-08-02;1994;8;NA
1994-09-28;NA;0.0372128355866731;0.0529350676001931;0.244374359005311;0.0498767914051183;0.175427025591502;0.0818509258812168;0.38209797976835;0.5455025525085;0.717812163462171;0.168097899483824;0.65791444303718;NA;NA;52.1771012424712;6.95370144172643;1994-09-28;1994;9;NA
1994-10-14;NA;0.0370659210526316;0.0536231385803959;0.197068848382424;0.060955918638339;0.180190368179623;0.0899650989859971;0.26361233661915;0.465528964125142;0.908809296892783;0.054168593555915;0.527205231675519;NA;NA;52.1771012424712;6.95370144172643;1994-10-14;1994;10;NA
1994-10-21;NA;0.0546082122163206;0.072998063737325;0.195633629888943;0.0803423297923708;0.195483993239981;0.104580797923708;0.226315282659961;0.414635774412437;0.987645188840095;0.013807084068141;0.415205835605987;NA;NA;52.1771012424712;6.95370144172643;1994-10-21;1994;10;NA
1995-03-07;NA;0.0658874746499276;0.0775882134234669;0.169868108401738;0.0931262047320135;0.168937198213423;0.0990722464992757;0.154575227506752;0.395966639762981;0.980000064655716;0.0142864801236021;0.292424345567359;NA;NA;52.1771012424712;6.95370144172643;1995-03-07;1995;3;NA
1995-03-23;NA;0.0623478754225012;0.0832966477547079;0.189919897392564;0.103336446161275;0.23067560115886;0.149044407291164;0.160678179236787;0.274913982469169;1.19618607264605;-0.0845144801214051;0.298728598696282;NA;NA;52.1771012424712;6.95370144172643;1995-03-23;1995;3;NA
1995-04-08;NA;0.0634642346692419;0.086107649686142;0.19924773539353;0.1075272549493;0.237735625301787;0.157145686866248;0.167043332767122;0.267232682852929;1.17720933745258;-0.0771029952293288;0.30492410791888;NA;NA;52.1771012424712;6.95370144172643;1995-04-08;1995;4;NA
1995-04-24;NA;0.0645982943022694;0.0894650531144375;0.21871100313858;0.103552369628199;0.239937006277161;0.158393623853211;0.21232738996454;0.292693204638084;1.08247533872009;-0.0333779823092274;0.361446359975857;NA;NA;52.1771012424712;6.95370144172643;1995-04-24;1995;4;NA
1995-05-01;NA;0.0576563966682762;0.0742008401738291;0.225437827136649;0.0886645255915017;0.231673077015934;0.1492770750845;0.257699323378513;0.328084095133957;1.01469512800743;0.00486278118184259;0.436896581429261;NA;NA;52.1771012424712;6.95370144172643;1995-05-01;1995;5;NA
1995-06-02;NA;0.0700008160309029;0.0840316851762434;0.306091131096089;0.0858018300338001;0.23401527764365;0.130642326170932;0.4238319532621;0.465962244904331;0.762111102434171;0.144769880354437;0.566843004002897;NA;NA;52.1771012424712;6.95370144172643;1995-06-02;1995;6;NA
1995-06-27;NA;0.0420581923266109;0.0653458903098869;0.311870242252828;0.0562751647811117;0.198829578209543;0.0997992240531235;0.476501415640694;0.549764322494973;0.640562367178318;0.223398386634924;0.689484013826857;NA;NA;52.176982057607;6.95368056412636;1995-06-27;1995;6;NA
1995-07-13;NA;0.0425928766296475;0.0668000072428778;0.374829127233221;0.0490335067600193;0.18548680709802;0.0805049661999034;0.599332577279694;0.651021005622912;0.495319079999637;0.341636769032352;0.763175274620956;NA;NA;52.1771012424712;6.95370144172643;1995-07-13;1995;7;NA
1995-07-20;NA;0.0294525108643168;0.0453388797682279;0.340821546354418;0.0362238314823757;0.170455978995654;0.0716393034765814;0.565537948398025;0.655428432610907;0.502009429056406;0.335797385065186;0.802509220048286;NA;NA;52.1771012424712;6.95370144172643;1995-07-20;1995;7;NA
1995-07-29;NA;0.061920987394958;0.0779188865546218;0.393015735294118;0.0586931092436975;0.207024327731092;0.091324243697479;0.64720874582988;0.633748909451392;0.526079076759873;0.314662496508785;0.740203150878533;NA;NA;52.1765216687496;6.95343124550506;1995-07-29;1995;7;NA
1995-08-05;NA;0.0266221221632062;0.0414510622887494;0.325915630130372;0.034705236600676;0.166310091743119;0.0709540741187832;0.540696082980323;0.646465570397666;0.514746684124095;0.323608259546113;0.800511826412361;NA;NA;52.1771012424712;6.95370144172643;1995-08-05;1995;8;NA
1995-08-14;NA;0.0347661373021335;0.0554097797660014;0.368138682037164;0.0429152598072952;0.18817572952512;0.0810171438403303;0.586495239524882;0.644146069792395;0.51393012905617;0.324174404986235;0.782576712883689;NA;NA;52.1754187713514;6.95274839436133;1995-08-14;1995;8;NA
1995-08-21;NA;0.0528643731884058;0.0612168405797101;0.373310235507246;0.0541860869565217;0.179173347826087;0.0771484673913043;0.602984677034337;0.658522900508584;0.483166241659621;0.350519782724638;0.739099804637681;NA;NA;52.1789608130068;6.95168391023792;1995-08-21;1995;8;NA
1995-10-08;NA;0.0437262903225806;0.0643906697054698;0.215276072931276;0.0637291269284712;0.168460466339411;0.0833700666199158;0.298302392118397;0.507270891751967;0.782133303842583;0.124565772162693;0.542324500056101;NA;NA;52.177106125821;6.95140664201271;1995-10-08;1995;10;NA
1995-10-24;NA;0.0467027257363592;0.067451123853211;0.185105471994206;0.0703523406566876;0.185514984307098;0.0947560876388218;0.227744442935755;0.432988814788665;0.992538239331167;0.012283194542675;0.448205786344761;NA;NA;52.1771012424712;6.95370144172643;1995-10-24;1995;10;NA
1996-04-17;NA;0.0661328367938194;0.0915586250603573;0.195109310719459;0.114278856832448;0.258158511588605;0.171081706904877;0.145379518282752;0.223403506492243;1.3078051705138;-0.128915771030034;0.263251785451473;NA;NA;52.1771012424712;6.95370144172643;1996-04-17;1996;4;NA
1996-06-04;NA;0.04114026816609;0.0602572404844291;0.194642794117647;0.0568206920415225;0.12886964532872;0.0657276470588235;0.281068789970423;0.551011289189774;0.668288029562432;0.208458808463668;0.547384872560554;NA;NA;52.1823936666847;6.95485562000029;1996-06-04;1996;6;NA
1996-07-22;NA;0.0534049069148936;0.0679313829787234;0.339349973404255;0.0616013164893617;0.194925239361702;0.0969031914893617;0.52908815717774;0.5793972028593;0.575175454488045;0.271130327084139;0.690088828655706;NA;NA;52.1771067593092;6.95370831597062;1996-07-22;1996;7;NA
1996-08-07;NA;0.0189057154137713;0.0479421715097915;0.403220300063171;0.0372182659507265;0.209901884080859;0.091880083701832;0.612669911803398;0.635941412755028;0.521386474251896;0.317317315293746;0.829767296727732;NA;NA;52.176417720409;6.95383849732764;1996-08-07;1996;8;NA
1996-08-23;NA;0.0439695485564304;0.0643091115485564;0.373040741469816;0.0501511299212598;0.202358332020997;0.0863833832020997;0.597799848652072;0.632847654434333;0.542879337389734;0.298822341469816;0.759253088325459;NA;NA;52.1776184205902;6.95391159375093;1996-08-23;1996;8;NA
1997-02-15;NA;0.0547956397875422;0.0760594072911637;0.173395013278609;0.0979696040560116;0.189520808788025;0.112835206422018;0.13882038388386;0.355665904481499;1.08077430203305;-0.0358121471768035;0.281071402637856;NA;NA;52.1771012424712;6.95370144172643;1997-02-15;1997;2;NA
1997-03-03;NA;0.049014850313858;0.0699528005794302;0.164665668759054;0.0914364618541767;0.191398404152583;0.120639031868662;0.135211411250392;0.315942449004473;1.15042146512556;-0.0667343532291502;0.289573610889425;NA;NA;52.1771012424712;6.95370144172643;1997-03-03;1997;3;NA
1997-04-20;NA;0.0618110222672065;0.0882289473684211;0.199334068825911;0.106484159919028;0.235348269230769;0.157101082995951;0.166650004573673;0.278135052060834;1.14423189239868;-0.0585381095697976;0.30674180097166;NA;NA;52.1759459682425;6.95287792320985;1997-04-20;1997;4;NA
1997-06-07;NA;0.042344526798648;0.0678504514727185;0.252755405601159;0.068682117334621;0.221719816513761;0.123702221149203;0.340563316305318;0.428515490211898;0.872231862877273;0.0779171918873684;0.573046738232738;NA;NA;52.1771012424712;6.95370144172643;1997-06-07;1997;6;NA
1997-08-10;NA;0.0293642612264606;0.0474966537904394;0.316575668759054;0.0360862119748914;0.172410789473684;0.0722615523901497;0.529928405852416;0.6373747991728;0.543801382551867;0.298631647153549;0.789011689971028;NA;NA;52.1771012424712;6.95370144172643;1997-08-10;1997;8;NA
1998-02-18;NA;0.05411532351521;0.0740559971028489;0.166699141718976;0.089479526798648;0.197400242636408;0.120170575808788;0.148153237590984;0.322632039797409;1.16582451659898;-0.0723816472414003;0.303671933283438;NA;NA;52.1771012424712;6.95370144172643;1998-02-18;1998;2;NA
1998-04-23;NA;0.0510068674553356;0.0769700676001931;0.196037963544182;0.0893685176243361;0.22542249034283;0.145338254466441;0.197539689725766;0.294219375783149;1.13592409528536;-0.0571555610248334;0.379676429951714;NA;NA;52.1771012424712;6.95370144172643;1998-04-23;1998;4;NA
1998-05-09;NA;0.0651420931916948;0.0938825410429744;0.246871056253018;0.096979763399324;0.214885395943988;0.135965109850314;0.279770086474278;0.38324600344801;0.868078310526618;0.0746600711154322;0.437158634461613;NA;NA;52.1771012424712;6.95370144172643;1998-05-09;1998;5;NA
1999-01-29;NA;0.0721505147058824;0.0820877205882353;0.135151397058824;0.0872755147058824;0.128334632352941;0.0831893382352941;0.103654149907543;0.416180778555297;0.878171077260557;0.0854710936764706;0.207891765;NA;NA;52.1764027740797;6.95873065373368;1999-01-29;1999;1;NA
1999-04-19;NA;0.0562441797066015;0.085205391198044;0.204213678484108;0.103184205378973;0.240810369193154;0.159614205378973;0.179006885449258;0.275115152351275;1.15402253324771;-0.0651421054888949;0.33788312000978;NA;NA;52.1771271459125;6.9537942826952;1999-04-19;1999;4;NA
1999-07-24;NA;0.0364838930468373;0.0609960864316755;0.355953769917914;0.0469382484307098;0.195129919121197;0.0875706735876388;0.561939987743109;0.617499268310127;0.552294105287444;0.294033270045389;0.760127410704973;NA;NA;52.1771012424712;6.95370144172643;1999-07-24;1999;7;NA
1999-07-31;NA;0.0296408679381941;0.051608667310478;0.31964462095606;0.0422311540318687;0.18330570255915;0.0823337095605987;0.508901889741844;0.606011148547456;0.58128534654159;0.270782197723969;0.757991456948334;NA;NA;52.1771012424712;6.95370144172643;1999-07-31;1999;7;NA
1999-10-03;NA;0.0316394507714916;0.0534789566495224;0.247548861131521;0.0524464842027921;0.181763749081558;0.0867939842027921;0.364832410084683;0.535797644841133;0.72530210945033;0.162959097506245;0.648072987450404;NA;NA;52.1788856780002;6.95412094751372;1999-10-03;1999;10;NA
1999-10-12;NA;0.0300646281989377;0.0485953259295027;0.205797170449058;0.0492223418638339;0.17396704249155;0.0859992696764848;0.305285243622617;0.488606967011245;0.84136631769773;0.0900404825873491;0.613087298802511;NA;NA;52.1771012424712;6.95370144172643;1999-10-12;1999;10;NA
1999-10-28;NA;0.0415285527012712;0.0442646570444915;0.109640357521186;0.0476105097987288;0.081992326536017;0.037637360963983;0.140697829696437;0.579939873160084;0.716016587278693;0.174136332274735;0.392468718125;NA;NA;52.1772514603551;6.95333042591747;1999-10-28;1999;10;NA
1999-11-04;NA;0.0394294205697731;0.0523181168517624;0.160830527522936;0.0702817515692902;0.181970989859971;0.097637559150169;0.175614594054899;0.386582707434488;1.1189096284025;-0.0486192571957508;0.393439394056012;NA;NA;52.1771012424712;6.95370144172643;1999-11-04;1999;11;NA
2000-01-15;NA;0.0466559482341558;0.0567937493952588;0.138564553701016;0.0706412433478471;0.147907568940493;0.0822093372036768;0.140498459607473;0.408185282211394;1.05360179500569;-0.0197476497889308;0.327038239564103;NA;NA;52.1770962592139;6.95369961647531;2000-01-15;2000;1;NA
2000-04-04;NA;0.0872045;0.111377;0.282306;0.145862;0.353641;0.2306115;0.227595236965614;0.210465071464107;1.25032292087165;-0.1101800932;0.321500192;NA;NA;52.1817244995069;6.95546659872779;2000-04-04;2000;4;NA
2000-04-20;NA;0.0489219266055046;0.0729088580395944;0.187961661033317;0.0968183751810719;0.238207361178175;0.159259973442781;0.162449309119874;0.246611957679838;1.24426418162886;-0.101615621006886;0.328774435272815;NA;NA;52.1771012424712;6.95370144172643;2000-04-20;2000;4;NA
2000-05-06;NA;0.0439898261709319;0.0672659536455818;0.211065086914534;0.0790085731530662;0.23110910791888;0.145673380009657;0.243944601957161;0.3172883841235;1.08142727536839;-0.0284308540815273;0.460971361110575;NA;NA;52.1771012424712;6.95370144172643;2000-05-06;2000;5;NA
2000-05-15;NA;0.0402328693867697;0.0635314642684693;0.234936521004346;0.0701662409464027;0.232656995412844;0.136753938918397;0.303766386747172;0.372642671376509;0.980326240366903;0.0192845878208885;0.546469513486239;NA;NA;52.1771012424712;6.95370144172643;2000-05-15;2000;5;NA
2000-05-31;NA;0.0411519594594595;0.0622099251930502;0.32341283542471;0.0577692326254826;0.240295837355212;0.126575745656371;0.486298572386266;0.490502107682873;0.742292635582845;0.154376600259942;0.698332282326255;NA;NA;52.180362043098;6.95473386480145;2000-05-31;2000;5;NA
2000-06-23;NA;0.05247024;0.07086972;0.4572863;0.04953962;0.22822032;0.09486138;0.748842575945847;0.658855968263115;0.498708261562929;0.33565330816;0.8042935996;NA;NA;52.1846458208109;6.95857548826307;2000-06-23;2000;6;NA
2000-08-03;NA;0.0468040340909091;0.0643646306818182;0.387951107954545;0.0523442045454545;0.235179431818182;0.111617045454545;0.615648142205094;0.579199194589846;0.601785591887193;0.251646894168388;0.76786611161157;NA;NA;52.1751433749186;6.95433756118547;2000-08-03;2000;8;NA
2000-08-26;NA;0.023638564703042;0.0388720774987929;0.245154756156446;0.0338729466441333;0.164755219700628;0.0763186721390633;0.412454269246719;0.565244047414427;0.670412029780688;0.201635902398841;0.751633332419121;NA;NA;52.1771012424712;6.95370144172643;2000-08-26;2000;8;NA
2000-11-14;NA;0.084803917212348;0.0902900514499532;0.17825444808232;0.101428194574369;0.181160650140318;0.108912799345182;0.166132287719129;0.373675270427287;1.00594664285213;0.000813511777539757;0.273292245622077;NA;NA;52.1779630710602;6.95553007743365;2000-11-14;2000;11;NA
2000-11-30;NA;0.0692749567474048;0.0814518425605536;0.19846627739331;0.102091274509804;0.234329005190311;0.141667580738178;0.185976988797003;0.309014368935402;1.16444096832029;-0.0711728520824683;0.321293903794694;NA;NA;52.1763721567594;6.95525069222386;2000-11-30;2000;11;NA
2001-01-17;NA;0.10564244996426;0.114244858827734;0.200470411007863;0.13069406540386;0.121938627591137;0.0762672408863474;0.146359851275043;0.517819804268168;0.604933621763152;0.249352567729092;0.210040339063617;NA;NA;52.1775471600654;6.95390237433106;2001-01-17;2001;1;NA
2001-03-06;NA;0.0506213628681796;0.0694740137614679;0.174970294543699;0.0936889389183969;0.216253172380493;0.141071943505553;0.149354222924214;0.273221367025215;1.21375718740698;-0.0903679513672622;0.308355015267986;NA;NA;52.1771012424712;6.95370144172643;2001-03-06;2001;3;NA
2001-05-02;NA;0.0648629577464789;0.0899838204225352;0.22318375;0.111711338028169;0.240190757042254;0.162485052816901;0.198999164197342;0.281324240665208;1.07300610695697;-0.0329845468978873;0.33564864915493;NA;NA;52.1789437708711;6.95838055637688;2001-05-02;2001;5;NA
2001-05-09;NA;0.0478501038145823;0.072073832689522;0.203147795750845;0.0893700845002414;0.233441190246258;0.150007943022694;0.206348849480739;0.293876609507549;1.13210644679876;-0.0525375371838474;0.396307016277161;NA;NA;52.1771012424712;6.95370144172643;2001-05-09;2001;5;NA
2001-05-25;NA;0.0385916465475616;0.0621142117334621;0.221881828826654;0.0721749360212458;0.222373296716562;0.134223128923225;0.273929364546177;0.362181675010703;0.992373580991238;0.0133539268969773;0.515603245586673;NA;NA;52.1771012424712;6.95370144172643;2001-05-25;2001;5;NA
2001-06-03;NA;0.0392952368421053;0.061554;0.295981684210526;0.0641292894736842;0.194794526315789;0.101521605263158;0.415197334812526;0.535860404969616;0.650683684849293;0.216827194208612;0.65224073154067;NA;NA;52.1760398400406;6.95295578601788;2001-06-03;2001;6;NA
2001-06-10;NA;0.079822125;0.096313875;0.3672095;0.0865577916666667;0.221568125;0.122136833333333;0.545276585905114;0.537039948682188;0.604219629670493;0.250840726833333;0.628805918166667;NA;NA;52.1850527576346;6.95922604819183;2001-06-10;2001;6;NA
2001-07-05;NA;0.0260866622404635;0.0477143300338001;0.331253511588605;0.0352660719459198;0.193593504345727;0.0876241731047803;0.545589440664969;0.60180593660838;0.583024635622833;0.267455435811202;0.80527315348141;NA;NA;52.1771012424712;6.95370144172643;2001-07-05;2001;7;NA
2001-07-12;NA;0.0240071863468635;0.0401846448339483;0.30966059501845;0.0268873800738007;0.149720239852399;0.0660977121771218;0.53857083900194;0.653833347929012;0.479475837557096;0.355275716217712;0.834296245276753;NA;NA;52.1729787538268;6.94989343081621;2001-07-12;2001;7;NA
2001-07-28;NA;0.0285055577507599;0.0463485607902736;0.347910635258359;0.0321084924012158;0.179766056231003;0.0760471565349544;0.590702253587617;0.648086810140797;0.514982083301255;0.325247762329483;0.827795740820669;NA;NA;52.1761527603921;6.95288354637192;2001-07-28;2001;7;NA
2001-08-22;NA;0.0163657692307692;0.0307292307692308;0.2824875;0.0199301923076923;0.1409175;0.0595153846153846;0.512710016641457;0.656678668526615;0.498296073391677;0.335923912307692;0.868822923076923;NA;NA;52.1706379068774;6.9534681927265;2001-08-22;2001;8;NA
2001-10-16;NA;0.0363687001943635;0.049315908649174;0.229255771379981;0.0567064868804665;0.201055911078717;0.0997074672011662;0.331232095462869;0.471598024217943;0.870373809002999;0.073926864199208;0.603826183892128;NA;NA;52.1771019995264;6.95367659421689;2001-10-16;2001;10;NA
2001-11-01;NA;0.0348523635924674;0.0492186769676485;0.173084785127957;0.0620253645581844;0.174855354901014;0.0957682761950748;0.215946326920004;0.409618688283064;1.00372100658764;0.00349161481356832;0.473826203689039;NA;NA;52.1771012424712;6.95370144172643;2001-11-01;2001;11;NA
2002-02-14;NA;0.0506414509122502;0.0689751824500434;0.186234776281494;0.0971852367506516;0.223215873153779;0.143272656385752;0.159656180061138;0.289436540594052;1.16848609653876;-0.0697621102003475;0.323806437758471;NA;NA;52.1772817958084;6.95603607286351;2002-02-14;2002;2;NA
2002-02-21;NA;0.0466885043457267;0.0653233993239981;0.173333427088363;0.0904250832930951;0.209939047561564;0.13514081361661;0.151600110572522;0.286971677673295;1.19199715278704;-0.0826695416808112;0.321131145340415;NA;NA;52.1771012424712;6.95370144172643;2002-02-21;2002;2;NA
2002-03-02;NA;0.0489834331240946;0.0677430408015451;0.189750449058426;0.0973152341863834;0.213871521004346;0.134630463544182;0.16404273582523;0.315677344291517;1.10799959358472;-0.0460410127335056;0.330246919922743;NA;NA;52.1771012424712;6.95370144172643;2002-03-02;2002;3;NA
2002-03-09;NA;0.0545675;0.06365625;0.16158375;0.07878125;0.15611125;0.0976325;0.169093968697515;0.380296806469655;0.96622683353751;0.017178185;0.345428955;NA;NA;52.170917766639;6.94716616550253;2002-03-09;2002;3;NA
2002-03-25;NA;0.0543348587638822;0.0766181711733462;0.194206577740222;0.104088838725253;0.238180485272815;0.156726268710768;0.159353468698714;0.262907427729826;1.20235469206727;-0.0856522456805746;0.309125464360212;NA;NA;52.1771012424712;6.95370144172643;2002-03-25;2002;3;NA
2002-04-10;NA;0.0755584211244541;0.0965170987991266;0.233742038755459;0.121946537936681;0.2741797680131;0.180944530567686;0.199514051587624;0.260503560126383;1.15382757486237;-0.0640476218040557;0.316518766157205;NA;NA;52.1764193103034;6.9531359412984;2002-04-10;2002;4;NA
2002-04-19;NA;0.0870300751582278;0.107917761075949;0.265500984968354;0.136821914556962;0.277697887658228;0.175235803006329;0.224374497833311;0.320632926172368;1.02371262422266;-0.00265218238509494;0.327875156977848;NA;NA;52.1780883694006;6.95545056550563;2002-04-19;2002;4;NA
2002-05-21;NA;0.0632896475132786;0.088132026798648;0.282984956542733;0.0950103597295992;0.244477161999034;0.148921394253984;0.340728469273232;0.392178265130004;0.859808889791818;0.0795018634356012;0.499292562646065;NA;NA;52.1771012424712;6.95370144172643;2002-05-21;2002;5;NA
2002-06-29;NA;0.0511218902865129;0.067662534940601;0.44241072327044;0.0480759433962264;0.211135127533194;0.0914241491963662;0.725287508760893;0.656728680905685;0.482431610367181;0.353609757812718;0.796996219594689;NA;NA;52.1785699250838;6.95498113182226;2002-06-29;2002;6;NA
2002-07-08;NA;0.051701473149492;0.0725694031204644;0.407540856313498;0.056695078011611;0.221960319303338;0.104533164005806;0.641411635844785;0.604817398199884;0.547345513198286;0.295259191944848;0.750812096937591;NA;NA;52.1775954826135;6.95554885520279;2002-07-08;2002;7;NA
2002-07-15;NA;0.0589414943886592;0.0807973995865328;0.380116447135263;0.0669473242764324;0.206089982279976;0.102336705552274;0.581624007586573;0.593278568510438;0.544415593230577;0.296631510366214;0.698715996816302;NA;NA;52.1767389611073;6.95364231299558;2002-07-15;2002;7;NA
2002-07-31;NA;0.0273208824239498;0.0462445207629165;0.342572755915017;0.0323152595364558;0.17582632665379;0.0730460791887977;0.577663188711218;0.652293491055711;0.51346174235618;0.325206919811685;0.821928065137615;NA;NA;52.1771012424712;6.95370144172643;2002-07-31;2002;7;NA
2002-08-09;NA;0.0703697999139415;0.0808099784853701;0.375406095094664;0.0609511682444062;0.192844410499139;0.0852924311531842;0.641795093376087;0.643482909243818;0.502811173268992;0.33585151267642;0.729080194965577;NA;NA;52.1743544024084;6.95213674033108;2002-08-09;2002;8;NA
2002-08-16;NA;0.0254632580878802;0.0436223804925157;0.307012839208112;0.0340070738773539;0.175217462578465;0.0764622670207629;0.512716282968948;0.616567166899744;0.571729583171233;0.275478352332207;0.794949981202318;NA;NA;52.1771012424712;6.95370144172643;2002-08-16;2002;8;NA
2002-09-01;NA;0.0210743916837782;0.0344266016427105;0.258884170944559;0.027818978439425;0.151633662731006;0.0673825564681725;0.447138824179177;0.616886733390782;0.567440764115795;0.281038570626283;0.81053095224846;NA;NA;52.1778344254087;6.95425022080622;2002-09-01;2002;9;NA
2002-10-19;NA;0.0259194712699179;0.035517011105746;0.135699975857074;0.0452773599710285;0.114900162964751;0.0588850265572187;0.184671481990047;0.506622793057767;0.829411677775957;0.098025969975973;0.501974884973443;NA;NA;52.1771012424712;6.95370144172643;2002-10-19;2002;10;NA
2002-11-20;NA;0.0383019386106624;0.0528590569466882;0.182075292810985;0.0759375100969305;0.181317243537964;0.0987717063812601;0.196651757842412;0.413083344642382;0.985262248681971;0.0114806443398708;0.414379501833603;NA;NA;52.1788025512689;6.95324002488641;2002-11-20;2002;11;NA
2003-02-24;NA;0.0593871306132303;0.0762003331723805;0.18035145098986;0.101173055287301;0.221974247947851;0.138842863351038;0.147394491405801;0.288211363949826;1.20753526873707;-0.0856329825692033;0.283307737672622;NA;NA;52.1771012424712;6.95370144172643;2003-02-24;2003;2;NA
2003-03-28;NA;0.0782549058425881;0.0946732025591502;0.205584553355867;0.118918535731531;0.243477561564462;0.15827503259295;0.162320145783792;0.272785299534031;1.16642204435771;-0.0711888228716948;0.268152268628682;NA;NA;52.1771012424712;6.95370144172643;2003-03-28;2003;3;NA
2003-04-13;NA;0.0708889956542733;0.0883629683727668;0.206298052873008;0.112729668034766;0.251209563013037;0.163221752776436;0.172824334947281;0.263908402997015;1.19430799649442;-0.0805884510750362;0.295633660265572;NA;NA;52.1771012424712;6.95370144172643;2003-04-13;2003;4;NA
2003-04-29;NA;0.0477683530805687;0.0719114353419093;0.208640523019634;0.095054221394719;0.217755236966825;0.135505455314827;0.199322607198975;0.346075495087634;1.02308320575682;-0.00310160136872715;0.379819328239675;NA;NA;52.1789955794557;6.95448740465797;2003-04-29;2003;4;NA
2003-05-08;NA;0.061365192861255;0.0879010463442717;0.250114680483592;0.103656250719632;0.237318298791019;0.151319070236039;0.260056041917948;0.351815996251601;0.938971306626554;0.0394792230824859;0.418575483114565;NA;NA;52.177148645908;6.95462373385516;2003-05-08;2003;5;NA
2003-05-31;NA;0.0430541224046354;0.063974704249155;0.253913804925157;0.063985327136649;0.208198195316272;0.115104852728151;0.360112065554567;0.45596931664031;0.8091910578629;0.115241732129295;0.597688942134235;NA;NA;52.1771012424712;6.95370144172643;2003-05-31;2003;5;NA
2003-09-20;NA;0.0344001734852408;0.0472055178663905;0.249820846711548;0.044001903158985;0.178808768772657;0.0815703210771621;0.407575427170232;0.551891167295339;0.714555905764227;0.171667263354738;0.696406903707923;NA;NA;52.1771681290145;6.95375936239311;2003-09-20;2003;9;NA
2003-11-07;NA;0.0476902824722356;0.0606131711733462;0.169824780299372;0.0797215946402704;0.197777474649928;0.112678253259295;0.1742789896124;0.350410744585862;1.14836041876203;-0.0607888383397586;0.36262325300338;NA;NA;52.1771012424712;6.95370144172643;2003-11-07;2003;11;NA
2004-02-27;NA;0.11896;0.09789;0.0882675;0.083215;0.011855;0.004385;0.018754100839997;0.770630400690201;0.131888431264105;0.772846484545455;0.0283223694836364;NA;NA;52.1734289661832;6.95103708772682;2004-02-27;2004;2;NA
2004-03-23;NA;0.0779451442307692;0.0952362980769231;0.230124855769231;0.126180144230769;0.245768125;0.154583942307692;0.184803168272071;0.333708008372532;1.01948383535964;0.00363508693076923;0.305604937692308;NA;NA;52.1722704221533;6.95565524493746;2004-03-23;2004;3;NA
2004-03-30;NA;0.0591363431677019;0.0792488638716356;0.191606661490683;0.103525969202899;0.245202738095238;0.160474725672878;0.160468465741063;0.24898788397124;1.25380119944611;-0.104492892631843;0.301648016293996;NA;NA;52.1771676138913;6.9537673879413;2004-03-30;2004;3;NA
2004-04-15;NA;0.0567475688073395;0.0788743264123612;0.2000101798648;0.101930985031386;0.251593367938194;0.164899757363592;0.176741036585403;0.251173174898423;1.23265921550827;-0.0957245564759392;0.329943747267021;NA;NA;52.1771012424712;6.95370144172643;2004-04-15;2004;4;NA
2004-05-17;NA;0.0540024522102748;0.076281986260454;0.244458811230585;0.0895998058542413;0.242845872162485;0.144853121266428;0.280583759580764;0.371673968338846;0.968611830123855;0.0316784403092473;0.474606764778973;NA;NA;52.1736756589566;6.95199613954449;2004-05-17;2004;5;NA
2004-09-06;NA;0.0209716524547804;0.0368969379844961;0.26714865374677;0.030653315245478;0.173720139534884;0.0752587984496124;0.453045987392718;0.589169235285225;0.648191537547123;0.217530293377778;0.78993059949354;NA;NA;52.1770107815548;6.95364852001168;2004-09-06;2004;9;NA
2004-11-25;NA;0.0335383655239015;0.0461259958957026;0.149004558184452;0.0646114534041526;0.146076306132303;0.0778274142926123;0.163957005648813;0.444452784117947;0.966639644584183;0.02468816428479;0.398590711049734;NA;NA;52.1771012424712;6.95370144172643;2004-11-25;2004;11;NA
2005-03-10;NA;0.0518605642361111;0.0708144618055555;0.184367022569444;0.100268776041667;0.210522196180556;0.13091609375;0.150288246608432;0.317344133427857;1.12054714971446;-0.0504176351496528;0.302209832534722;NA;NA;52.1759071594462;6.95696903104048;2005-03-10;2005;3;NA
2005-04-02;NA;0.0473333932882665;0.0687275965717045;0.180851457025591;0.094782219942057;0.242109346933848;0.159011504104297;0.153927179086814;0.234700556647662;1.31328798692574;-0.129476910090324;0.320079015731531;NA;NA;52.1771012424712;6.95370144172643;2005-04-02;2005;4;NA
2005-05-13;NA;0.0743968333333333;0.097078375;0.262980375;0.106393083333333;0.191676541666667;0.126212333333333;0.291938195160421;0.433550433544073;0.722726059801037;0.1693116442;0.426279210666667;NA;NA;52.1738552576181;6.95755518176337;2005-05-13;2005;5;NA
2005-08-17;NA;0.0243166514285714;0.04284128;0.307353157142857;0.0342146714285714;0.193347617142857;0.0887430228571429;0.511136236201928;0.576899517655107;0.63887724956159;0.226307106742857;0.794566654788571;NA;NA;52.1772277898561;6.95469661419855;2005-08-17;2005;8;NA
2005-08-24;NA;0.027503072755418;0.0456739744582043;0.298677592879257;0.0385106359649123;0.182029985810114;0.0852296310629515;0.48717366790735;0.581364950950863;0.615847249727255;0.243266479119195;0.763929846805986;NA;NA;52.177060518862;6.95371357677768;2005-08-24;2005;8;NA
2005-09-09;NA;0.0330654758976881;0.0475409456468273;0.282051246925726;0.040987220855878;0.187678077963601;0.0843630939498278;0.468088194542989;0.572901450904128;0.66433871231107;0.207774394164092;0.74183143978849;NA;NA;52.1770504585938;6.95361004217882;2005-09-09;2005;9;NA
2005-09-18;NA;0.022649125;0.040589125;0.295357125;0.036589125;0.21134;0.099582125;0.480495135979231;0.536158977679007;0.720068916685507;0.167820100236364;0.778116167818182;NA;NA;52.177920950929;6.95804272196757;2005-09-18;2005;9;NA
2006-03-20;NA;0.08293375;0.09022125;0.20665625;0.1092925;0.19595875;0.12734625;0.19613009117564;0.350981618320364;0.950042834070875;0.0266523842;0.307884215;NA;NA;52.1756339218806;6.95888917996029;2006-03-20;2006;3;NA
2006-06-08;NA;0.0359395377541142;0.0572205977734753;0.265031548886738;0.0561720837366893;0.216901251210068;0.1187044482091;0.390387559195787;0.454679238787776;0.815602460330018;0.109902122412304;0.649273461868345;NA;NA;52.1789805593825;6.9549632464986;2006-06-08;2006;6;NA
2006-07-03;NA;0.0269575791746641;0.0501352231285988;0.337163121401152;0.0394275623800384;0.209081000479846;0.0984809620921305;0.539236132520095;0.573161111294419;0.623978403021323;0.235794614667946;0.787230858790787;NA;NA;52.1763580915914;6.9539635327666;2006-07-03;2006;7;NA
2006-07-26;NA;0.0418970774987929;0.0584349879285369;0.345572393771125;0.0456482315306615;0.196497642443264;0.0857546511347175;0.571092137417937;0.615726695335183;0.572097228547095;0.276610413242395;0.760828536523419;NA;NA;52.1771012424712;6.95370144172643;2006-07-26;2006;7;NA
2006-09-12;NA;0.0260386530506722;0.0416871910548087;0.273901698552223;0.034702063081696;0.174276592554292;0.0752803606514995;0.461937345089671;0.594754839172684;0.635437644404157;0.226756350571355;0.771264456654602;NA;NA;52.1771488883391;6.95374258584907;2006-09-12;2006;9;NA
2006-09-21;NA;0.0241892484388938;0.0335716057091882;0.26700313559322;0.033161632471008;0.190118925066905;0.0864611953612846;0.454072408349691;0.551032443004798;0.713027535243173;0.170227074630687;0.778109697118644;NA;NA;52.1768128705389;6.95362177486679;2006-09-21;2006;9;NA
2007-04-01;NA;0.0554561257073565;0.0663145351657235;0.201812170573969;0.0990524514955538;0.258800307194826;0.170413039611964;0.1851644171691;0.2446662537345;1.25356615644;-0.104254703038157;0.350266214955538;NA;NA;52.1763648469683;6.95345887496085;2007-04-01;2007;4;NA
2007-05-03;NA;0.0503635705645161;0.067814627016129;0.249814217741935;0.0932048447580645;0.256684205645161;0.155606137096774;0.273945755075978;0.347966785406651;1.00888747713406;0.00869088697193548;0.468159435612903;NA;NA;52.1763806826829;6.95345060536275;2007-05-03;2007;5;NA
2007-06-04;NA;0.0165282653061224;0.0111814795918367;0.124509540816327;0.00977617346938775;0.057708112244898;0.0268783673469388;0.270895531625186;0.654513401605161;0.465042939148054;0.36662081877551;0.855428644285714;NA;NA;52.1809303154639;6.95319954427811;2007-06-04;2007;6;NA
2007-06-11;NA;0.0484005154514727;0.0657189159826171;0.350294665620473;0.0495558341380975;0.18730706542733;0.0856915910188315;0.581039347437934;0.623387768949637;0.529271794326879;0.312258798995654;0.754368535543216;NA;NA;52.1771012424712;6.95370144172643;2007-06-11;2007;6;NA
2007-09-24;NA;0.0281126952085182;0.0415321095829636;0.244087593167702;0.0435913398402839;0.19547157054126;0.0946926109139308;0.386570818119871;0.501799614482915;0.800774992058212;0.1142006001863;0.696584599849157;NA;NA;52.1771169790391;6.95370362110658;2007-09-24;2007;9;NA
2007-10-10;NA;0.0373299107142857;0.039933244047619;0.233899419642857;0.0512535863095238;0.208916160714286;0.107363080357143;0.362380949320262;0.448566222987608;0.89643944999417;0.0580069718684524;0.639872431369048;NA;NA;52.176463259384;6.95700753026694;2007-10-10;2007;10;NA
2008-04-10;NA;0.0765579956663055;0.0895296830985916;0.212345547128927;0.107976730769231;0.228827283315276;0.146509981040087;0.199122833881552;0.342800710649661;1.01250561367556;0.0160946307822492;0.325097276338028;NA;NA;52.179102022296;6.95314993801588;2008-04-10;2008;4;NA
2008-05-05;NA;0.0482532489626556;0.0742040062240664;0.224130126556017;0.0953311493775934;0.257221937759336;0.161954064315353;0.225275460982266;0.294597103888715;1.12990796729227;-0.0509526785107817;0.415225646456432;NA;NA;52.1763889540132;6.95349559808075;2008-05-05;2008;5;NA
2008-05-12;NA;0.0335175345010616;0.0522098566878981;0.190304580679406;0.0624133492569002;0.181028877388535;0.104895098195329;0.23418763638322;0.44393830062819;0.863034217179696;0.0983067080268577;0.532911630870488;NA;NA;52.1783631982534;6.95231145224931;2008-05-12;2008;5;NA
2008-06-06;NA;0.0372094001578532;0.058050818863457;0.289364844119968;0.0542272770323599;0.217988518153118;0.113784463299132;0.43715076195396;0.495143839806526;0.745523599146152;0.153043591547948;0.688820791120758;NA;NA;52.1770743459779;6.95380483598382;2008-06-06;2008;6;NA
2008-07-24;NA;0.0214484149797571;0.0366496133603239;0.314227398785425;0.0288279898785425;0.190112350202429;0.08494595951417;0.532712907809346;0.597059507212856;0.603876916803127;0.251586926044534;0.828342720566802;NA;NA;52.1768284266252;6.95369077125034;2008-07-24;2008;7;NA
2008-07-31;NA;0.0238102571221632;0.0433737650893288;0.309354190004829;0.0325268276195075;0.190894560598745;0.0822969012554322;0.518512865442839;0.600775443745116;0.617668230674495;0.241512506578947;0.805042937745051;NA;NA;52.1771012424712;6.95370144172643;2008-07-31;2008;7;NA
2008-09-26;NA;0.0309896131447587;0.0387640599001664;0.259424105657238;0.0412974459234609;0.182771104409318;0.0856453140599002;0.423366435127354;0.551358226571615;0.691917382617287;0.188431709255408;0.72479849046589;NA;NA;52.1777468311745;6.95395756357356;2008-09-26;2008;9;NA
2008-10-28;NA;0.034256;0.043243;0.187904;0.05751;0.1974245;0.1086435;0.25621170816795;0.385433385735904;1.04953533501721;-0.02355754456;0.533436678;NA;NA;52.1758495175488;6.95894307887733;2008-10-28;2008;10;NA
2009-03-21;NA;0.0539852692926045;0.0651844453376206;0.184823106913183;0.0949094473472669;0.247710854099678;0.164136939308682;0.165799229191414;0.229863461456034;1.3109576837172;-0.1277547947159;0.328886635827974;NA;NA;52.1764359065708;6.95346527647914;2009-03-21;2009;3;NA
2009-04-06;NA;0.0984398214285714;0.0925567857142857;0.250159285714286;0.118514330357143;0.265021071428571;0.177241071428571;0.269651749458788;0.282546107532892;1.05577123123707;-0.0249581295571429;0.357778925357143;NA;NA;52.1784106785892;6.94982742453173;2009-04-06;2009;4;NA
2009-05-24;NA;0.0340351102941176;0.0518721669550173;0.270242982266436;0.0567527984429066;0.229846885813149;0.126476907439446;0.393679784057;0.437009121309685;0.854340033812231;0.0870500658136419;0.654854068771626;NA;NA;52.1768268317358;6.95364289436673;2009-05-24;2009;5;NA
2009-05-31;NA;0.031716400550585;0.0494980746730902;0.288455492085341;0.0511449518238128;0.222370948038541;0.115666008258775;0.434441179901548;0.487877459561855;0.76877429847104;0.140152804429683;0.700261039146593;NA;NA;52.1789630053702;6.95455398953495;2009-05-31;2009;5;NA
2009-06-16;NA;0.0895263461538462;0.0836838301282051;0.461160112179487;0.0663179326923077;0.239193157051282;0.108746554487179;0.830792449656266;0.627289891371094;0.519173416905014;0.318708823653846;0.748632797628205;NA;NA;52.1707225558176;6.95101682851849;2009-06-16;2009;6;NA
2009-06-25;NA;0.0311240731070496;0.0481986292428198;0.337807352045257;0.042184817232376;0.215666305483029;0.102070124020888;0.542760374130332;0.564446233095878;0.64278869813718;0.223092102160139;0.775499749521323;NA;NA;52.176772178819;6.95363192462454;2009-06-25;2009;6;NA
2009-07-02;NA;0.0354465942028986;0.0490880797101449;0.366424565217391;0.0391516123188406;0.209011793478261;0.0912007789855072;0.608119675298636;0.615250513730356;0.573123252793913;0.277580983364295;0.803455659664032;NA;NA;52.1781987362896;6.95409118216016;2009-07-02;2009;7;NA
2009-08-19;NA;0.0274345340415258;0.0403635840173829;0.303644427812651;0.0346268131337518;0.173426337518107;0.0765965801545147;0.511453159615267;0.612688563687252;0.574994693717467;0.273224449991309;0.790081927788508;NA;NA;52.1771012424712;6.95370144172643;2009-08-19;2009;8;NA
2009-09-20;NA;0.0441162650893288;0.0477735127957508;0.295876627233221;0.0450672525350072;0.187012267020763;0.0821306397875422;0.506038532169497;0.591508156168614;0.630518830230781;0.230648802620473;0.733309705031386;NA;NA;52.1771012424712;6.95370144172643;2009-09-20;2009;9;NA
2010-04-09;NA;0.0539907196261682;0.0602959556074766;0.173949471962617;0.0849088411214953;0.191008056074766;0.116008565420561;0.172560604666898;0.350989745681357;1.0859067237476;-0.0379149554616449;0.353955182981308;NA;NA;52.177309825591;6.9535247265295;2010-04-09;2010;4;NA
2010-04-25;NA;0.0506312808273667;0.0667030071599045;0.211200171042164;0.0935316964996022;0.258714964200477;0.165175278440732;0.210903039122528;0.268479017681006;1.20283721417877;-0.0830113141926889;0.39611525097852;NA;NA;52.1770547179159;6.95380383643244;2010-04-25;2010;4;NA
2010-06-03;NA;0.0373851653790439;0.0564149529212941;0.227641611540319;0.068250177450507;0.231184756156446;0.135023430709802;0.293625833480459;0.366805438950131;1.01535228776002;0.00534149259361661;0.543999906035732;NA;NA;52.1771012424712;6.95370144172643;2010-06-03;2010;6;NA
2010-06-19;NA;0.0447301666666667;0.0559890277777778;0.346651277777778;0.0543133055555556;0.182456166666667;0.0750724722222222;0.546280846028276;0.647876889429976;0.531251550164744;0.309187492666667;0.727028551767677;NA;NA;52.1803489882552;6.95612128001819;2010-06-19;2010;6;NA
2010-06-28;NA;0.0411773949795082;0.0549886782786885;0.323248078893443;0.0504233119877049;0.223062254098361;0.106619787397541;0.514553591080229;0.541855248361907;0.689040120858735;0.189645806018443;0.726792992346311;NA;NA;52.1770813507902;6.95435057084397;2010-06-28;2010;6;NA
2010-07-14;NA;0.0437968098958333;0.0581624088541667;0.398152213541667;0.0476571223958333;0.2437756640625;0.108685065104167;0.64154163237277;0.587208516078185;0.619063178509135;0.239386665625;0.779363245572917;NA;NA;52.1769926237478;6.95567629920193;2010-07-14;2010;7;NA
2010-07-21;NA;0.0295840354901014;0.0472508268952197;0.371595533558667;0.0373569748913568;0.207369689763399;0.0890471619990343;0.603478115141521;0.623110642042653;0.562205032488426;0.283615721234669;0.811528433872525;NA;NA;52.1771012424712;6.95370144172643;2010-07-21;2010;7;NA
2010-07-30;NA;0.0211065943877551;0.0378834183673469;0.442974904336735;0.022737512755102;0.203641071428571;0.0827020344387755;0.729426664200894;0.683264561296848;0.453666734190275;0.377851750841837;0.905909977244898;NA;NA;52.1818934836117;6.95700753026694;2010-07-30;2010;7;NA
2010-08-06;NA;0.0278236622340426;0.0427300664893617;0.366620502659574;0.0332030718085106;0.204426204787234;0.0883363005319149;0.609069255276605;0.622077457267197;0.561039512411638;0.28399011493617;0.82920733712766;NA;NA;52.1744676410585;6.95392245209366;2010-08-06;2010;8;NA
2010-08-31;NA;0.020288407960199;0.00964385572139303;0.115681256218905;0.00528996268656716;0.0413739303482587;0.014075460199005;0.277433883857857;0.727346318189779;0.359905733947269;0.472594964029851;0.913280430597015;NA;NA;52.1817049242784;6.95624987602478;2010-08-31;2010;8;NA
2010-10-09;NA;0.0271023829068083;0.0367770183486238;0.188275354901014;0.0452468324480927;0.187930097778851;0.0961989413326895;0.283522789440669;0.431627475342514;0.988219974226786;0.012973870705635;0.612774474558184;NA;NA;52.1771012424712;6.95370144172643;2010-10-09;2010;10;NA
2010-10-25;NA;0.03069645098986;0.0387004780299372;0.174767251327861;0.0567305589087397;0.176303732496379;0.0948429695799131;0.229318966051709;0.417371143193194;0.99921572542206;0.00679991596260261;0.511890383944954;NA;NA;52.1771012424712;6.95370144172643;2010-10-25;2010;10;NA
2011-03-02;NA;0.0626128117448043;0.0681747365877235;0.187704503383277;0.0961370529241179;0.22643601377477;0.144605849444176;0.176659566358385;0.283109359976069;1.1886068323158;-0.0803762872545723;0.326024243228613;NA;NA;52.1771061777032;6.9536973387712;2011-03-02;2011;3;NA
2011-03-27;NA;0.055050811817279;0.0689848187686197;0.198716218967229;0.101928316782522;0.266643376365442;0.176905714995035;0.17232789982138;0.221414412163066;1.31333459399419;-0.130119864118868;0.332106238490566;NA;NA;52.1767049420694;6.95413743109419;2011-03-27;2011;3;NA
2011-04-19;NA;0.0535830371801062;0.0713017081120232;0.210461481168518;0.0960595956059874;0.262774674070497;0.169368606953163;0.207131938188287;0.255171439570089;1.22994983858392;-0.095737680522873;0.382267193935297;NA;NA;52.1771012424712;6.95370144172643;2011-04-19;2011;4;NA
2011-05-05;NA;0.0619327659574468;0.0803291622340426;0.249410651595745;0.0992084441489362;0.244124840425532;0.157732127659574;0.273256040885424;0.331028524224831;0.975024217740592;0.0179441769108317;0.435590725909091;NA;NA;52.17710597741;6.95370766438796;2011-05-05;2011;5;NA
2011-05-21;NA;0.0413937518107195;0.0595501521004346;0.24014379406084;0.071167235634959;0.238484392805408;0.140455630130372;0.311892579716298;0.368851048391507;0.986259770207113;0.0172298907049734;0.547861206103332;NA;NA;52.1771012424712;6.95370144172643;2011-05-21;2011;5;NA
2011-06-06;NA;0.0918535339690107;0.087549505363528;0.264793528009535;0.0881159594755661;0.226571445172825;0.152972824791418;0.388382487349174;0.347546154375084;0.902176087146353;0.0661163110665793;0.478589816853397;NA;NA;52.1747187966442;6.95267747431477;2011-06-06;2011;6;NA
2011-08-02;NA;0.0515847685185185;0.0650223096707819;0.35861383744856;0.0579619958847737;0.214283369341564;0.107966898148148;0.566691929965791;0.562683106586053;0.60401808306144;0.250186650559671;0.727296489074074;NA;NA;52.1739082693101;6.95323811140445;2011-08-02;2011;8;NA
2011-09-03;NA;0.0314504664179104;0.0426133913764511;0.298167265754561;0.0375719983416252;0.182264183250415;0.0878583250414594;0.500949282415259;0.571082621192781;0.62077252405006;0.238744782794362;0.769252270480929;NA;NA;52.1763279933414;6.95345191441471;2011-09-03;2011;9;NA
2011-09-19;NA;0.041573959197787;0.0452737932226833;0.322997244121715;0.0425447510373444;0.189114273858921;0.0936249170124481;0.547123008796344;0.578814767293545;0.59146435901287;0.263665454347829;0.770523672240664;NA;NA;52.1764185499607;6.95353153069212;2011-09-19;2011;9;NA
2012-02-10;NA;0.0623558078880407;0.0654113634435963;0.197575640373198;0.101719993638677;0.227980097540288;0.146838840118745;0.17928066636633;0.285973492352483;1.15630868486435;-0.0641092990219254;0.323188826949958;NA;NA;52.1764963502692;6.95353848954596;2012-02-10;2012;2;NA
2012-04-30;NA;0.0451814870340357;0.0612158367098865;0.206480285656402;0.0828213877633712;0.231437694489465;0.145565512560778;0.226463934907594;0.311304215087809;1.10376366904937;-0.040210333849141;0.43699357034846;NA;NA;52.177717591117;6.9539448060464;2012-04-30;2012;4;NA
2012-05-23;NA;0.0386249857142857;0.0547418857142857;0.243766;0.0628527;0.217630642857143;0.122791271428571;0.338936913746392;0.419463405447685;0.8908520541032;0.0673963035082857;0.590510790405195;NA;NA;52.1770282938645;6.95369535431615;2012-05-23;2012;5;NA
2012-06-08;NA;0.0284027154605263;0.0421604226973684;0.249273741776316;0.0431033832236842;0.171635940789474;0.0876094555921053;0.391737679633851;0.535155765284171;0.68149711386436;0.195029389663947;0.705928933539474;NA;NA;52.1782244385812;6.95349556497511;2012-06-08;2012;6;NA
2012-08-27;NA;0.0736977665245203;0.0864973454157782;0.390240767590618;0.0823061753731343;0.233443536780384;0.123554299040512;0.574522568048594;0.556105529098195;0.594237588042545;0.258048697667377;0.665294942377399;NA;NA;52.1783331773479;6.95607385219832;2012-08-27;2012;8;NA
2012-10-14;NA;0.0557419117647059;0.0417230588235294;0.108202852941176;0.0422057647058824;0.0783818529411765;0.0422112647058824;0.175647456234417;0.550407502165145;0.72072752285806;0.1698416998;0.450406031058824;NA;NA;52.1811062472232;6.95816154458015;2012-10-14;2012;10;NA
2012-12-01;NA;0.103476759259259;0.084244787037037;0.141123546296296;0.0978535185185185;0.131063842592593;0.0899292407407407;0.114702713974694;0.399214359435317;0.910499948962938;0.0503238774022222;0.198340542192593;NA;NA;52.1730707289366;6.95439860166778;2012-12-01;2012;12;NA
2013-04-01;NA;0.0687305658436214;0.0763232818930041;0.216159650205761;0.112977273662551;0.280984732510288;0.185432304526749;0.187533868892319;0.218140148809673;1.29106313552027;-0.123693318130041;0.317111962386831;NA;NA;52.1759999021815;6.95376268316912;2013-04-01;2013;4;NA
2013-04-24;NA;0.0714262727720335;0.0906059318069916;0.229114089118661;0.117521566962088;0.267875386509109;0.175623637370753;0.199504045616262;0.259607345259351;1.16113137932552;-0.0718809417942393;0.324073074047267;NA;NA;52.1771590675048;6.9537342169425;2013-04-24;2013;4;NA
2013-05-03;NA;0.1005915;0.100333;0.2340545;0.1295435;0.2402475;0.156378;0.206800816208321;0.314521381760102;1.01262233578647;-0.0038115368;0.28658051;NA;NA;52.1816167016728;6.95746085865854;2013-05-03;2013;5;NA
2013-06-04;NA;0.0401943228699552;0.0598299641255605;0.250327470852018;0.0721443901345291;0.237159706278027;0.136880894618834;0.321870238680245;0.387360978985005;0.947967214957931;0.0352276196624484;0.554990929901345;NA;NA;52.1778072809034;6.95382062731483;2013-06-04;2013;6;NA
2013-06-11;NA;0.0507560386088066;0.0675476228462029;0.299587024569241;0.0766060561582642;0.262102892469687;0.145888506700702;0.403629146568821;0.418367891769485;0.872485837837811;0.0752069714553414;0.593343206700702;NA;NA;52.1784676565845;6.95495966685833;2013-06-11;2013;6;NA
2013-07-06;NA;0.0275086985472155;0.0440766162227603;0.317104850686037;0.0360994632768362;0.194151152138822;0.0902843845843422;0.523709158649593;0.583394388128208;0.610718973555882;0.246462133327684;0.791465739757869;NA;NA;52.1771482247881;6.95383088187558;2013-07-06;2013;7;NA
2013-07-13;NA;0.0560441455696203;0.0677246835443038;0.44933417721519;0.05216444092827;0.21892885021097;0.0938257805907173;0.73376886131279;0.660810228482077;0.480870656460761;0.354715322320675;0.79041930556962;NA;NA;52.1820017264263;6.95744334719604;2013-07-13;2013;7;NA
2013-07-22;NA;0.0238127660891089;0.0414613902640264;0.35220022689769;0.0326917945544554;0.200146804867987;0.0863423659240924;0.577117144001387;0.618931949811865;0.573518308514815;0.276507790729373;0.825518836584158;NA;NA;52.176360134187;6.9534632667021;2013-07-22;2013;7;NA
2013-08-30;NA;0.0300695833333333;0.0393752777777778;0.277791111111111;0.0335529166666667;0.112818611111111;0.0497030555555555;0.485705910577122;0.691245035157943;0.400170086690076;0.431088249444444;0.784203515;NA;NA;52.1836888155949;6.95832024694701;2013-08-30;2013;8;NA
2013-10-01;NA;0.0271638495895703;0.0388312457749879;0.233506056253018;0.0413845497344278;0.181252710043457;0.0864045461129889;0.373309272231352;0.519798962646094;0.772569862467546;0.134043511509512;0.696730198734911;NA;NA;52.1771012424712;6.95370144172643;2013-10-01;2013;10;NA
2013-10-10;NA;0.0249929741833509;0.0339332850368809;0.218616909905163;0.0483143071654373;0.189176551633298;0.094080624341412;0.319751924038952;0.478957822266665;0.858143125265337;0.0824771189585248;0.639739234773446;NA;NA;52.1773042771497;6.95490199479274;2013-10-10;2013;10;NA
2013-10-26;NA;0.05596538;0.05678202;0.248633386666667;0.0858291333333333;0.273248233333333;0.14918708;0.301742308837415;0.356340334606881;1.08662816526734;-0.0346891958921067;0.490507465466667;NA;NA;52.1736331940798;6.95529268488878;2013-10-26;2013;10;NA
2013-11-11;NA;0.0337868211100099;0.0401439816650149;0.169789529236868;0.0659519276511397;0.178954169970268;0.097885396432111;0.197014460252229;0.401426509775213;1.03460647986995;-0.0094402266585332;0.447370972210109;NA;NA;52.1764934199731;6.9542924142921;2013-11-11;2013;11;NA
2014-01-13;NA;0.0114299699312715;0.0266526847079038;0.117752530068729;0.0389667783505155;0.107337117697595;0.0685651890034364;0.15568232159508;0.426081367951626;0.914916621609941;0.0461959735330584;0.520589241443299;NA;NA;52.175695507413;6.9526023621188;2014-01-13;2014;1;NA
2014-02-23;NA;0.0569159559244419;0.0896756339439038;0.244342764739554;0.113261252146537;0.258791582713223;0.183627754722381;0.21729101917103;0.268562587070773;1.05354952404572;-0.0239293430833543;0.376623066817401;NA;NA;52.1761627298017;6.9535312974865;2014-02-23;2014;2;NA
2014-03-02;NA;0.0244868664122137;0.0505031259541985;0.156857129770992;0.0659933091603053;0.16080877480916;0.1012295;0.160081347771079;0.402801048125125;0.953198996486507;0.0320003305574046;0.437018937145038;NA;NA;52.1761766140301;6.95296132769038;2014-03-02;2014;3;NA
2014-03-11;NA;0.0505604793472718;0.085564978327384;0.224548800356961;0.10590559663437;0.248538378378378;0.159419979602244;0.199276025964693;0.302919692745242;1.0830574088677;-0.0338086095334268;0.363910209408465;NA;NA;52.1768634823366;6.95345483058177;2014-03-11;2014;3;NA
2014-03-27;NA;0.0500026062288749;0.074207306856591;0.212355900531144;0.0951959282955094;0.247040916224046;0.160054273297924;0.206773275462245;0.281116012408546;1.14118279993001;-0.0605047355697731;0.386902151762434;NA;NA;52.1771012424712;6.95370144172643;2014-03-27;2014;3;NA
2014-04-03;NA;0.0547629876871077;0.089675280057943;0.240646641718976;0.109665615644616;0.253797670207629;0.162902654514727;0.219637762803899;0.308347208655344;1.0434220611033;-0.0180645884279073;0.378056488575567;NA;NA;52.1771012424712;6.95370144172643;2014-04-03;2014;4;NA
2014-04-12;NA;0.0563782485632184;0.090183066091954;0.261478590517241;0.108448487068966;0.274512389367816;0.174432761494253;0.256432386067834;0.308765517833916;1.04076327031328;-0.0141787364056034;0.419266709425287;NA;NA;52.1769878998485;6.95451144176966;2014-04-12;2014;4;NA
2014-04-19;NA;0.0406499505070014;0.0641469278126509;0.199478371559633;0.0805064135683245;0.218003266537904;0.136640698937711;0.213580189129054;0.338295339852118;1.05739384172626;-0.0159986488897924;0.437408195915017;NA;NA;52.1771012424712;6.95370144172643;2014-04-19;2014;4;NA
2014-06-06;NA;0.0314459355383873;0.0543440077257364;0.266196465475616;0.0484451315789474;0.197147059391598;0.104779538870111;0.408929098989482;0.497108614170397;0.736318119224094;0.158283492376408;0.690964307899565;NA;NA;52.1771012424712;6.95370144172643;2014-06-06;2014;6;NA
2014-06-22;NA;0.0334663023255814;0.0617510968992248;0.363229503875969;0.0443013023255814;0.207144492248062;0.102046015503876;0.572844454831321;0.583837423689144;0.571522621770035;0.275676427271318;0.783690350294574;NA;NA;52.1728148831727;6.95310799883065;2014-06-22;2014;6;NA
2014-08-09;NA;0.032822734375;0.073134296875;0.418240390625;0.053843046875;0.2250125;0.11757859375;0.602503413378199;0.575967682735237;0.549278692339389;0.2933802903125;0.7675315059375;NA;NA;52.1757012955269;6.95789541867723;2014-08-09;2014;8;NA
2014-10-12;NA;0.0421774735964425;0.0781631573096165;0.273740314063369;0.084274424680378;0.222971706503613;0.137347070594775;0.322803886506115;0.422669251188785;0.802457915776281;0.111492525715397;0.562236625953307;NA;NA;52.1775163393114;6.95346805444733;2014-10-12;2014;10;NA
2014-10-28;NA;0.0334639224975705;0.0590824441205053;0.222553815597668;0.0714974781341108;0.199402543731778;0.117403543488824;0.268256759681429;0.405909876208152;0.890923916892723;0.0603953919670097;0.513587314917396;NA;NA;52.1771355226624;6.95368484405114;2014-10-28;2014;10;NA
2015-04-15;NA;0.0513737687107677;0.0740471668276195;0.219302817479479;0.0968992551907291;0.256646702076292;0.165923963061323;0.215434314170602;0.276321469171824;1.15272690722745;-0.0659570873185321;0.39752207614196;NA;NA;52.1771012424712;6.95370144172643;2015-04-15;2015;4;NA
2015-05-24;NA;0.0446735386774797;0.0773683452900811;0.270103922333125;0.0851911088583905;0.227067657517155;0.142832395508422;0.31949132588065;0.395785937236723;0.835728942075113;0.0967029917564972;0.526659179482221;NA;NA;52.1763686014424;6.9536713579424;2015-05-24;2015;5;NA
2015-06-25;NA;0.0377578260869565;0.0807941304347826;0.383011358695652;0.0626680434782609;0.240438206521739;0.131922608695652;0.542287205599749;0.521208268562073;0.629269116534243;0.229737239565217;0.718284380869565;NA;NA;52.1720016035579;6.95422575192012;2015-06-25;2015;6;NA
2015-07-11;NA;0.0306246668276195;0.0546430154514727;0.358827380492516;0.0395840366972477;0.19918664051183;0.0924095183486238;0.578108553561105;0.605540678215463;0.559879021664963;0.286193641792371;0.79596561153549;NA;NA;52.1771012424712;6.95370144172643;2015-07-11;2015;7;NA
2015-09-29;NA;0.026858667310478;0.0476826472718493;0.272112417914051;0.0447710333172381;0.177302655721873;0.0916026967648479;0.420165040612032;0.539007446112738;0.653855971910557;0.211434676084017;0.712617841656205;NA;NA;52.1771012424712;6.95370144172643;2015-09-29;2015;9;NA
2015-10-31;NA;0.0289703778367938;0.0485927764365041;0.192798540560116;0.0644445412844037;0.187444538870111;0.105573891839691;0.234044322403889;0.406587360119307;0.964110298792162;0.0240001281762868;0.498928627875423;NA;NA;52.1771012424712;6.95370144172643;2015-10-31;2015;10;NA
2016-01-19;NA;0.0150150499190502;0.0521042390717755;0.210624167566109;0.0788692336751214;0.120990433081489;0.0859627050728548;0.209731474812058;0.493116345093941;0.576263565022123;0.271841911452779;0.473015626168376;NA;NA;52.1771125788952;6.95364087108273;2016-01-19;2016;1;NA
2016-05-03;NA;0.0538522202441506;0.0848752416073245;0.255256121566633;0.105491625127162;0.256341854018311;0.162703542726348;0.251218831471641;0.335621422701182;0.989866219933893;0.0111310851992777;0.437168218840285;NA;NA;52.1744471039157;6.95414067440222;2016-05-03;2016;5;NA
2016-05-26;NA;0.0397775253807107;0.0688591802030457;0.267523214467005;0.067748961928934;0.227708854060914;0.131224866751269;0.361760802486458;0.42695786889625;0.842166367024282;0.0949052736148528;0.599383962411168;NA;NA;52.1774422715873;6.95386933031296;2016-05-26;2016;5;NA
2016-07-13;NA;0.0270675;0.063065;0.3796175;0.04167;0.1598925;0.08435;0.592212423497663;0.642617097698074;0.421193701554855;0.40726772;0.80217785;NA;NA;52.1705135247611;6.947705154673;2016-07-13;2016;7;NA
2016-08-14;NA;0.0310044523809524;0.0470373888888889;0.397432174603175;0.0283302301587302;0.182859277777778;0.0760956349206349;0.684988249115548;0.67628999696545;0.459339185306555;0.371777866634921;0.865788317746032;NA;NA;52.1834330096235;6.95656510998951;2016-08-14;2016;8;NA
2016-08-30;NA;0.0193226979719942;0.0379288978754225;0.29659709802028;0.0310216574118783;0.176241110574602;0.0806447102848865;0.490894811319898;0.593933337187513;0.601121886730467;0.251983560101883;0.804337137991309;NA;NA;52.1771012424712;6.95370144172643;2016-08-30;2016;8;NA
2016-09-15;NA;0.0259422308063737;0.0472119338483824;0.275944266055046;0.0405682472235635;0.184457847658136;0.0860988725253501;0.440763179763631;0.560795939917728;0.667266358744714;0.202077195115886;0.740249924365041;NA;NA;52.1771012424712;6.95370144172643;2016-09-15;2016;9;NA
2016-11-02;NA;0.0265853133514986;0.044986485013624;0.214274649182561;0.0633364782016349;0.186846358991826;0.102448034741144;0.268262935457084;0.44665149477977;0.864803912248073;0.0758786895963624;0.547042226566757;NA;NA;52.1810799888872;6.95664437084022;2016-11-02;2016;11;NA
2016-12-04;NA;0.0119213074641621;0.0366548999011369;0.195258274839348;0.062131264211567;0.124568743203164;0.0701160108749382;0.223987567160422;0.536091790250625;0.631317691959821;0.231189458338112;0.527040691873455;NA;NA;52.1771527097038;6.95370730397225;2016-12-04;2016;12;NA
2017-01-05;NA;0.00399976110174255;0.0195174437886453;0.0981118563799888;0.0297757012366498;0.0635366891512085;0.0391793563799888;0.13314544065365;0.549615177995941;0.63234865497137;0.228714205372681;0.547927816149522;NA;NA;52.1770215387444;6.95303929932467;2017-01-05;2017;1;NA
2017-03-10;NA;0.0469522697018104;0.0691235662939297;0.210654512779553;0.0937904805644302;0.236005075878594;0.1518078514377;0.202059704021166;0.305999287669908;1.10314651475175;-0.0458875851987593;0.391799594813632;NA;NA;52.1769736457612;6.9540648250822;2017-03-10;2017;3;NA
2017-03-26;NA;0.0501727583293095;0.0742523877353935;0.21271601641719;0.0970463025108643;0.247492521728634;0.160274618541767;0.202914370434166;0.277812981807063;1.15143853373059;-0.0669253680463737;0.37991622057943;NA;NA;52.1771012424712;6.95370144172643;2017-03-26;2017;3;NA
2017-04-04;NA;0.0591234198113208;0.0835450088443396;0.233320969929245;0.108727355542453;0.290863617334906;0.190371223466981;0.216187103402694;0.234672284866851;1.23435164654516;-0.101788060639092;0.372794305613208;NA;NA;52.1772108465645;6.95682506754153;2017-04-04;2017;4;NA
2017-04-20;NA;0.0604405037513398;0.095105565380493;0.27046758306538;0.11304255091104;0.279613764737406;0.183794833869239;0.263628478281115;0.29438023981467;1.02937697792216;-0.0119723370250804;0.415715852861736;NA;NA;52.1804114571859;6.95518341277777;2017-04-20;2017;4;NA
2017-06-14;NA;0.0329417708836311;0.0585617986479961;0.309613985997103;0.0487178874939643;0.205499118783197;0.106265773780782;0.478219772885978;0.529983629102204;0.665494990179663;0.204388958227909;0.725103263206181;NA;NA;52.1771012424712;6.95370144172643;2017-06-14;2017;6;NA
2018-01-08;NA;0.0276389715113472;0.051004424191212;0.189948406566876;0.0716392105263158;0.188871498068566;0.116262641236118;0.208371515134096;0.36964373122673;0.983087833926568;0.0121941058052776;0.459248879497827;NA;NA;52.1771012424712;6.95370144172643;2018-01-08;2018;1;NA
2018-02-25;NA;0.0474866549975857;0.0686220316272332;0.205001423225495;0.0921532943022694;0.242458693867697;0.15700101641719;0.200443351235414;0.276245236375993;1.16974843121726;-0.0742838834612458;0.386264073689039;NA;NA;52.1771012424712;6.95370144172643;2018-02-25;2018;2;NA
2018-05-09;NA;0.0476868831482376;0.0743829828585224;0.254822460164172;0.0877538254466441;0.256109648720425;0.154485981409947;0.293648434895174;0.350566525602785;0.999682181037808;0.00838701762053114;0.496926479695799;NA;NA;52.1771012424712;6.95370144172643;2018-05-09;2018;5;NA
2018-05-25;NA;0.0278373326572008;0.0571931643002028;0.248886906693712;0.0470955882352941;0.17270549188641;0.0907320081135903;0.379537810768553;0.522648133170323;0.695197722690639;0.182562305941176;0.687358718782962;NA;NA;52.1813512522396;6.95542811511968;2018-05-25;2018;5;NA
2018-07-03;NA;0.0230195292129406;0.0465357737807822;0.364167280299372;0.0330654611298889;0.187842432399807;0.0851253645581845;0.588800280421781;0.628271130325902;0.524258130788117;0.315860903347851;0.827187302539836;NA;NA;52.1771012424712;6.95370144172643;2018-07-03;2018;7;NA
2018-07-19;NA;0.0273955347658136;0.0532996849348141;0.365224974649928;0.040630311443747;0.190951565668759;0.0862806832448093;0.571253634303698;0.627590986172261;0.526017220388511;0.316167226011589;0.793630286137132;NA;NA;52.1771012424712;6.95370144172643;2018-07-19;2018;7;NA
2018-08-04;NA;0.0273509319169483;0.0503429369869628;0.356567932158378;0.0399409524384355;0.197655470787059;0.087910220907774;0.564037996394013;0.614117282208038;0.568273781820286;0.281213571985804;0.790505191714148;NA;NA;52.1771012424712;6.95370144172643;2018-08-04;2018;8;NA
2018-09-05;NA;0.0250869821342347;0.0456738194109126;0.30759814703042;0.0384524468855625;0.185830630130372;0.0832354599227426;0.495177497035882;0.59379915008904;0.614964420794701;0.24410556927436;0.772337284379527;NA;NA;52.1771012424712;6.95370144172643;2018-09-05;2018;9;NA
2018-10-07;NA;0.00561607758620689;0.0167251293103448;0.110426163793103;0.0136731034482759;0.0612187068965517;0.0315225;0.210053415052383;0.610468372846263;0.555567775106185;0.292246769827586;0.784903835172414;NA;NA;52.1852149190316;6.95821079703883;2018-10-07;2018;10;NA
2018-12-10;NA;-0.00462690684713376;0.010398777866242;0.0847845700636943;0.0167490883757962;0.0785925597133758;0.0516383121019108;0.139484846479429;0.448294655641898;0.93212504947754;0.0377646743318949;0.70391039406051;NA;NA;52.1809345542323;6.95569472503593;2018-12-10;2018;12;NA
2019-04-01;NA;0.0459251967648479;0.0672362892322549;0.20075476460647;0.0901763882182521;0.25073296716562;0.162800422501207;0.197218163673998;0.254559495786976;1.23564543578197;-0.101233435029087;0.387797813466924;NA;NA;52.1771012424712;6.95370144172643;2019-04-01;2019;4;NA
2019-05-03;NA;0.0243634345794392;0.0482303738317757;0.176277009345794;0.052553691588785;0.145462873831776;0.0795548130841121;0.23285957607965;0.481369541229918;0.819670729996143;0.105746314108258;0.559500480263382;NA;NA;52.1799172143241;6.95461149721715;2019-05-03;2019;5;NA
2019-05-19;NA;0.0486689600179694;0.0799127403414196;0.282929600179695;0.0888658063791554;0.26968040655885;0.156441361185984;0.333649322488812;0.381913302073844;0.944258043297648;0.0405844417997269;0.534399793432165;NA;NA;52.1797329998981;6.95379674926003;2019-05-19;2019;5;NA
2019-08-07;NA;0.0160807107843137;0.0412211029411765;0.278358995098039;0.0237111519607843;0.11102068627451;0.0474204656862745;0.477504562869046;0.702246065326698;0.379958377084586;0.453314897941176;0.843454903431373;NA;NA;52.1849605482128;6.95814939090278;2019-08-07;2019;8;NA
2019-08-23;NA;0.0275115632544664;0.0504389811685176;0.341779664413327;0.0408358775953646;0.187725607194592;0.089246805890874;0.541560651646521;0.600616040202616;0.559233598217963;0.286678334787059;0.781385037590536;NA;NA;52.1771012424712;6.95370144172643;2019-08-23;2019;8;NA
2020-03-27;NA;0.0289375;0.0520375;0.21988375;0.052725;0.1680875;0.0970825;0.316389645098705;0.460929697697959;0.776530107546922;0.128332625;0.606363325;NA;NA;52.1719957449799;6.9582154434972;2020-03-27;2020;3;NA
2020-04-12;NA;0.0489575140449438;0.0717290168539326;0.228985842696629;0.0888768960674157;0.26234172752809;0.160190491573034;0.250939811798427;0.301617364760257;1.13277658237115;-0.0565525575686261;0.448189151287028;NA;NA;52.1771107742297;6.95405479394812;2020-04-12;2020;4;NA
2020-04-19;NA;0.0418164099468856;0.0654341030902945;0.228779004104297;0.0832509826170932;0.243758311202318;0.148081482375664;0.257348884724833;0.332315749577836;1.05809858855262;-0.0213789145194061;0.474663116035732;NA;NA;52.1771012424712;6.95370144172643;2020-04-19;2020;4;NA
2020-05-05;NA;0.0446229502655722;0.0690098201352004;0.263586953162723;0.0829560381458233;0.25427397392564;0.151015311443747;0.316884693117675;0.368614357403704;0.964331792371619;0.0280980579778875;0.52849594965717;NA;NA;52.1771012424712;6.95370144172643;2020-05-05;2020;5;NA
2020-05-21;NA;0.0422214473684211;0.0681355830516659;0.258643260502173;0.0800625362143892;0.239275625301787;0.139818668517624;0.31444567462204;0.388757678099211;0.925349511742339;0.0469047310392931;0.532460540835345;NA;NA;52.1771012424712;6.95370144172643;2020-05-21;2020;5;NA
2020-06-06;NA;0.0323786830357143;0.0607267020089286;0.316427963169643;0.0574219140625;0.192049330357143;0.100423565848214;0.451222081962579;0.560422447141497;0.600624316735665;0.256880585255804;0.707876344285714;NA;NA;52.1734364582202;6.94917293768187;2020-06-06;2020;6;NA
2020-11-29;NA;0.0250746861419604;0.0407045654273298;0.174730628923225;0.0559119857556736;0.168504129647513;0.0995784005311444;0.224040764121293;0.400023764066735;0.957116032178193;0.0276762085640029;0.520442835103815;NA;NA;52.1771012424712;6.95370144172643;2020-11-29;2020;11;NA
2021-03-05;NA;0.0398541236117817;0.0564785441815548;0.19071285610816;0.0782580528730082;0.225046758812168;0.141910315065186;0.206201036991978;0.293206996088527;1.16772930802648;-0.0733693881126123;0.425431700758088;NA;NA;52.1771012424712;6.95370144172643;2021-03-05;2021;3;NA
2021-03-30;NA;0.046883869047619;0.0651229166666667;0.200968988095238;0.0836120833333333;0.228605178571429;0.14848130952381;0.217797907374711;0.29596963095987;1.11502757060092;-0.0471805357666667;0.430624318333333;NA;NA;52.1742671993412;6.95844643885597;2021-03-30;2021;3;NA
2021-04-15;NA;0.0641522709739634;0.101875694310511;0.273806118611379;0.125359288813886;0.285445593056895;0.190411215043394;0.240051047070485;0.284890116992822;1.03497325387231;-0.0150861685439537;0.378321713182256;NA;NA;52.1758841854154;6.95306697943923;2021-04-15;2021;4;NA
2021-06-09;NA;0.0352097670731707;0.0657819597560976;0.324402543902439;0.0556799756097561;0.228982829268293;0.116190693902439;0.479862539246734;0.517675156140638;0.705049167117495;0.179979143196634;0.706339325312195;NA;NA;52.1770456791249;6.95364205465536;2021-06-09;2021;6;NA
2021-08-12;NA;0.0259125132786094;0.044000382665379;0.364534022211492;0.0289579623370352;0.169136921776919;0.0715454237083535;0.618585191475678;0.667841801202267;0.470699308177172;0.36238900614196;0.847596385156929;NA;NA;52.1771012424712;6.95370144172643;2021-08-12;2021;8;NA
2021-10-15;NA;0.0208518177790904;0.0392414235085647;0.257640868281158;0.0422288038984052;0.167570977554637;0.0817577717070289;0.392173696668118;0.561728461448037;0.644348303127751;0.218955188247726;0.725918929025399;NA;NA;52.1773869897289;6.95419021634016;2021-10-15;2021;10;NA
2022-03-08;NA;0.0411165077257364;0.0591419543698696;0.195524957749879;0.0809866610333172;0.23052928416224;0.142338218252052;0.208211790542759;0.299495304505131;1.1683938715848;-0.0725749100124722;0.422412225079672;NA;NA;52.1771012424712;6.95370144172643;2022-03-08;2022;3;NA
2022-03-24;NA;0.0461120799130855;0.0696486274746499;0.205522382906808;0.087645086914534;0.246050385079672;0.152312140270401;0.212356419329469;0.286990388066233;1.18345409795995;-0.0793738103003815;0.407436012815065;NA;NA;52.1771012424712;6.95370144172643;2022-03-24;2022;3;NA
2022-04-09;NA;0.0173956756756757;0.0478745945945946;0.16038527027027;0.0602689189189189;0.112341283783784;0.0635280405405405;0.17947679741674;0.51513970128823;0.699804780202112;0.176997344324324;0.454688642702703;NA;NA;52.1705135247611;6.94865931117748;2022-04-09;2022;4;NA
2022-04-18;NA;0.052009462406015;0.0745893402255639;0.22766087406015;0.096005719924812;0.272819078947368;0.169263590225564;0.233936020615054;0.275633792930132;1.18871141227138;-0.081433447282;0.417674600007519;NA;NA;52.1773262668249;6.95572150413247;2022-04-18;2022;4;NA
