"Group.1";"system.index";"B";"G";"NIR";"R";"SWIR1";"SWIR2";"evi";"gvmi";"msi";"ndmi";"ndvi";".geo";"coordinates";"N";"E";"date";"year";"month";"season"
1984-04-16;NA;0.190686330128205;0.224823349358974;0.374936506410256;0.252113221153846;0.392939134615385;0.296930993589744;0.211634904165712;0.199805119108269;1.05080834767769;-0.0238377523134615;0.196735597371795;NA;NA;52.1765356922235;6.95720311127317;1984-04-16;1984;4;NA
1984-08-15;NA;0.0608654782608696;0.0816564945652174;0.386340293478261;0.0629023315217391;0.165437815217391;0.0747811956521739;0.61646150483595;0.674783215251442;0.427586208680862;0.404127904630435;0.718034509913044;NA;NA;52.1776551312699;6.95578999223007;1984-08-15;1984;8;NA
1984-08-22;NA;0.0447965706521739;0.0620442717391304;0.354474788043478;0.0480474891304348;0.168189369565217;0.0746630054347826;0.585000203072523;0.653348352808723;0.478939543001731;0.353920729108696;0.75939100926087;NA;NA;52.1776551312699;6.95578999223007;1984-08-22;1984;8;NA
1985-02-14;NA;0.155294536026201;0.188717243449782;0.301490600436681;0.222752336244541;0.207902996724891;0.133151992358079;0.133972854762208;0.448208488399815;0.690475806944406;0.184392546502183;0.150266073144105;NA;NA;52.177651012357;6.95579881847195;1985-02-14;1985;2;NA
1985-05-21;NA;0.12476352173913;0.158068532608696;0.343587717391304;0.160594288043478;0.29484689673913;0.184903331521739;0.334193515355162;0.368430548529843;0.85866755342919;0.0764923968565217;0.36457090423913;NA;NA;52.1776551312699;6.95578999223007;1985-05-21;1985;5;NA
1985-07-24;NA;0.0304959130434783;0.0523120815217391;0.345386815217391;0.039488472826087;0.189805086956522;0.0802129239130435;0.564585202544123;0.632117346922791;0.550972535989291;0.289915415913043;0.794287588565217;NA;NA;52.1776551312699;6.95578999223007;1985-07-24;1985;7;NA
1985-09-26;NA;0.0507531902173913;0.0714709130434783;0.292916635869565;0.0646772173913043;0.211533315217391;0.101064559782609;0.438888432358542;0.529240316880541;0.722214697213512;0.161996883847826;0.638118482130435;NA;NA;52.1776551312699;6.95578999223007;1985-09-26;1985;9;NA
1985-10-21;NA;0.0413031739130435;0.0609087608695652;0.202163048913043;0.0734103206521739;0.217738391304348;0.118913315217391;0.241883833259237;0.371328409407657;1.07900577390689;-0.0355858577423913;0.467775290173913;NA;NA;52.1776551312699;6.95578999223007;1985-10-21;1985;10;NA
1986-01-25;NA;0.133409640522876;0.157595201525054;0.26557991285403;0.17360325708061;0.220000190631808;0.152669885620915;0.176060458418995;0.4004058574492;0.804924777657343;0.110938936325272;0.219505708943355;NA;NA;52.1776607090445;6.95578353375417;1986-01-25;1986;1;NA
1986-02-17;NA;0.0822004565217391;0.111520179347826;0.224140510869565;0.139580820652174;0.292876760869565;0.19871514673913;0.146579841697138;0.196255676536614;1.30510291282973;-0.131585934421739;0.233412727608696;NA;NA;52.1776551312699;6.95578999223007;1986-02-17;1986;2;NA
1986-02-26;NA;0.171416318082789;0.192479580610022;0.285059139433551;0.213120936819172;0.245590708061002;0.167190484749455;0.141202139741952;0.347189788544558;0.861302728814831;0.0758636843427015;0.145515199786492;NA;NA;52.1776607090445;6.95578353375417;1986-02-26;1986;2;NA
1986-03-30;NA;0.11902618;0.15082938;0.28259662;0.1849549;0.31350178;0.2032611;0.162682424584222;0.265084842699865;1.1071808186827;-0.0503868803136;0.20912505504;NA;NA;52.1776971724252;6.95776916046405;1986-03-30;1986;3;NA
1986-05-01;NA;0.0831117826086956;0.115975777173913;0.241139576086957;0.143110385869565;0.30152485326087;0.214958679347826;0.166277377475081;0.185268958804588;1.24989271213202;-0.110687444813043;0.256233405913043;NA;NA;52.1776551312699;6.95578999223007;1986-05-01;1986;5;NA
1986-05-17;NA;0.0875734184782609;0.124460005434783;0.281587472826087;0.142983168478261;0.311647304347826;0.216550092391304;0.234496252214546;0.236101240548282;1.10629396133619;-0.0495190463156087;0.328196774391304;NA;NA;52.1776551312699;6.95578999223007;1986-05-17;1986;5;NA
1986-06-02;NA;0.0714812982832618;0.104800912017167;0.299458894849785;0.111379077253219;0.31598580472103;0.200703326180258;0.328137081800507;0.290935722259066;1.05378454466991;-0.0242985698287554;0.457093515922747;NA;NA;52.1785925791726;6.95657303014512;1986-06-02;1986;6;NA
1986-06-09;NA;0.0474411739130435;0.078608;0.252160858695652;0.0807305815217391;0.244785717391304;0.145603260869565;0.310764496956964;0.361543535698327;0.971428095045362;0.0162351385119565;0.516012202782609;NA;NA;52.1776551312699;6.95578999223007;1986-06-09;1986;6;NA
1986-06-25;NA;0.122328327067669;0.144149473684211;0.431668590225564;0.122695958646617;0.280688214285714;0.153991578947368;0.617995235447864;0.507582594162553;0.65016011798174;0.212624587744361;0.558898933609023;NA;NA;52.1760209404203;6.95520237245775;1986-06-25;1986;6;NA
1986-07-04;NA;0.197610394736842;0.19915;0.528709605263158;0.157775263157895;0.308127105263158;0.149567894736842;0.936094318677105;0.575766276603737;0.582861280551442;0.263961995023923;0.542739584832536;NA;NA;52.1770974451067;6.95716712245511;1986-07-04;1986;7;NA
1986-07-11;NA;0.0625966911764706;0.0908164285714286;0.453286533613445;0.0736023529411765;0.25580025210084;0.117648455882353;0.665731289927411;0.6042106258081;0.563420464286217;0.279837085420168;0.730209951512605;NA;NA;52.1787625501958;6.9564252294667;1986-07-11;1986;7;NA
1986-08-12;NA;0.0417797010869565;0.0641716956521739;0.379735989130435;0.048479777173913;0.20468497826087;0.0850994945652174;0.610183181107643;0.640420056808804;0.53949514741407;0.299439773086957;0.773220749956522;NA;NA;52.1776551312699;6.95578999223007;1986-08-12;1986;8;NA
1986-08-21;NA;0.0337025923913043;0.0555687989130435;0.359301456521739;0.0434876902173913;0.201862760869565;0.0877851684782609;0.577232170509846;0.619539841848635;0.56286812209095;0.280156950217391;0.783417639717391;NA;NA;52.1776551312699;6.95578999223007;1986-08-21;1986;8;NA
1986-09-13;NA;0.066181347826087;0.083458402173913;0.328114663043478;0.0714495108695652;0.215128402173913;0.0979436684782609;0.509241850028625;0.568077320067617;0.655993661424362;0.208332439195652;0.642056018978261;NA;NA;52.1776551312699;6.95578999223007;1986-09-13;1986;9;NA
1986-10-24;NA;0.0483070652173913;0.0798270869565217;0.231420657608696;0.103617994565217;0.232806597826087;0.131044581521739;0.215233421142981;0.375831582890024;1.00501844639247;-0.000983773171739131;0.383425888413043;NA;NA;52.1776551312699;6.95578999223007;1986-10-24;1986;10;NA
1987-07-14;NA;0.0386748706896552;0.0641768534482759;0.347936551724138;0.0543242672413793;0.240780668103448;0.118303254310345;0.530549689891236;0.528476889694032;0.692251173110005;0.182444163448276;0.730189596637931;NA;NA;52.1761125070923;6.9543588830533;1987-07-14;1987;7;NA
1987-08-15;NA;0.0386346576086956;0.059996;0.398602961956522;0.0441542663043478;0.209350532608696;0.0868872336956522;0.645223281244521;0.646802302145949;0.525730367982845;0.311199100108696;0.800264008347826;NA;NA;52.1776551312699;6.95578999223007;1987-08-15;1987;8;NA
1987-10-02;NA;0.033327875;0.0538787445652174;0.273121657608696;0.0484960380434783;0.200448722826087;0.0955315;0.427349405445462;0.527385415012685;0.733912668145158;0.153811564052174;0.698326969869565;NA;NA;52.1776551312699;6.95578999223007;1987-10-02;1987;10;NA
1987-10-18;NA;0.0404301086956522;0.0631284891304348;0.214524;0.0719546739130435;0.215150402173913;0.11593285326087;0.265580269165734;0.397658299250238;1.00299436688784;0.000171868335369565;0.498169561956522;NA;NA;52.1776551312699;6.95578999223007;1987-10-18;1987;10;NA
1988-04-27;NA;0.0681292445652174;0.102579630434783;0.224851027173913;0.125657869565217;0.288426364130435;0.20763614673913;0.169705537678222;0.178407267527836;1.28015471925111;-0.121910626779565;0.286040883456522;NA;NA;52.1776551312699;6.95578999223007;1988-04-27;1988;4;NA
1988-05-13;NA;0.0642678260869565;0.0976980815217391;0.23851135326087;0.115769407608696;0.2773065;0.191764880434783;0.212521577875565;0.233053806055753;1.16205986827256;-0.0728314257180435;0.349583876108696;NA;NA;52.1776551312699;6.95578999223007;1988-05-13;1988;5;NA
1988-06-14;NA;0.0456995869565217;0.0734652010869565;0.276708793478261;0.0676679619565217;0.215312711956522;0.1229875;0.390189907752043;0.450108576948914;0.778959611335535;0.125332326626087;0.606989291326087;NA;NA;52.1776551312699;6.95578999223007;1988-06-14;1988;6;NA
1988-06-30;NA;0.0445716684782609;0.0716323260869565;0.375383516304348;0.0539889836956522;0.22448085326087;0.10397214673913;0.588854619766161;0.58644627320039;0.59856602262176;0.251970774413043;0.748732655804348;NA;NA;52.1776551312699;6.95578999223007;1988-06-30;1988;6;NA
1988-08-01;NA;0.0448041129032258;0.0702953456221198;0.40048784562212;0.0533675115207373;0.224078006912442;0.0994627073732719;0.62645424347997;0.614413602208109;0.559907678305179;0.282431031935484;0.764382554815668;NA;NA;52.1776936304963;6.95562854386104;1988-08-01;1988;8;NA
1988-11-05;NA;0.0541392173913043;0.0779237282608696;0.208125288043478;0.100968788043478;0.267283766304348;0.166259467391304;0.190820776792103;0.249707608478797;1.28094856059071;-0.121091830799348;0.34857499;NA;NA;52.1776551312699;6.95578999223007;1988-11-05;1988;11;NA
1988-11-21;NA;0.0603523641304348;0.07944125;0.193464081521739;0.102873461956522;0.157919793478261;0.0888363260869565;0.16759391390996;0.460440020593682;0.815360347520817;0.103073331287609;0.308512107326087;NA;NA;52.1776551312699;6.95578999223007;1988-11-21;1988;11;NA
1989-02-09;NA;0.0566683804347826;0.0826227608695652;0.187820423913043;0.103985418478261;0.23410489673913;0.147121440217391;0.151637082275718;0.268803357229086;1.24330083021451;-0.107279231674783;0.289876486565217;NA;NA;52.1776551312699;6.95578999223007;1989-02-09;1989;2;NA
1989-03-06;NA;0.061922375;0.0893506956521739;0.205546625;0.114682320652174;0.254229516304348;0.173929815217391;0.159515519008625;0.225893897298893;1.23432733120207;-0.104262190882609;0.286951410108696;NA;NA;52.1776551312699;6.95578999223007;1989-03-06;1989;3;NA
1989-04-30;NA;0.0661264833333333;0.0963839388888889;0.227562544444444;0.110146222222222;0.285379094444444;0.205858261111111;0.211402649032135;0.186571955393825;1.25213377460551;-0.110439802244667;0.3494060726;NA;NA;52.1776000345991;6.9558414956397;1989-04-30;1989;4;NA
1989-05-09;NA;0.075436472826087;0.106862456521739;0.247566445652174;0.121794538043478;0.269284211956522;0.189651804347826;0.223518458856956;0.249210919769197;1.08744247830142;-0.0405940110241304;0.342507099152174;NA;NA;52.1776551312699;6.95578999223007;1989-05-09;1989;5;NA
1989-05-16;NA;0.0732668423913043;0.10454689673913;0.258733179347826;0.117953923913043;0.286270961956522;0.197656994565217;0.249878228462599;0.247041604751276;1.10797028245271;-0.0487261261726087;0.375270108456522;NA;NA;52.1776551312699;6.95578999223007;1989-05-16;1989;5;NA
1989-05-25;NA;0.0551073967391304;0.0864794565217391;0.252787320652174;0.0965483423913043;0.267377027173913;0.172383956521739;0.27605456412496;0.296143931573744;1.05821333805436;-0.0263633343407174;0.449487673282609;NA;NA;52.1776551312699;6.95578999223007;1989-05-25;1989;5;NA
1989-06-26;NA;0.0493148804347826;0.0747482554347826;0.35469610326087;0.0604087391304348;0.233028451086957;0.118157423913043;0.546170824904125;0.534344028844838;0.657139332084516;0.207676586347826;0.708948681282609;NA;NA;52.1776551312699;6.95578999223007;1989-06-26;1989;6;NA
1989-07-03;NA;0.0270341413043478;0.0514436195652174;0.296627222826087;0.040508722826087;0.194197195652174;0.0918277282608696;0.478773633027282;0.560178558334974;0.655664697229954;0.208912300543478;0.759204193608696;NA;NA;52.1776551312699;6.95578999223007;1989-07-03;1989;7;NA
1989-08-13;NA;0.0462106389578164;0.067735905707196;0.400370241935484;0.0547086166253102;0.230882351116625;0.0999878784119107;0.624905799243967;0.61281517476139;0.577871762482699;0.268164535880893;0.75861115044665;NA;NA;52.177323111266;6.95574986896676;1989-08-13;1989;8;NA
1989-08-20;NA;0.037831597826087;0.057764972826087;0.351876695652174;0.0461334891304348;0.208028918478261;0.0882925434782609;0.568126326826403;0.613242068574938;0.591856402708103;0.256940507195652;0.767392262326087;NA;NA;52.1776551312699;6.95578999223007;1989-08-20;1989;8;NA
1989-11-17;NA;0.0663871195652174;0.0963773641304348;0.226079619565217;0.119431391304348;0.287138168478261;0.18290360326087;0.185254945442107;0.238443390981176;1.26391540971742;-0.114077811281304;0.310860488673913;NA;NA;52.1776551312699;6.95578999223007;1989-11-17;1989;11;NA
1990-02-05;NA;0.0595781793478261;0.0848548043478261;0.199836967391304;0.111413527173913;0.258880663043478;0.174693956521739;0.156629269479609;0.217095104273928;1.29119226106848;-0.125552736758261;0.289301797913044;NA;NA;52.1776551312699;6.95578999223007;1990-02-05;1990;2;NA
1990-02-21;NA;0.0716056630434783;0.0978254184782609;0.216608679347826;0.122509358695652;0.272334619565217;0.180203282608696;0.167215052062417;0.228797621883203;1.25417085525877;-0.11150548743;0.28087545876087;NA;NA;52.1776551312699;6.95578999223007;1990-02-21;1990;2;NA
1990-03-16;NA;0.072437;0.100549891304348;0.218610918478261;0.125373722826087;0.276082451086957;0.186715342391304;0.163953093987624;0.21570199222546;1.26008477454211;-0.114078286715217;0.2736924045;NA;NA;52.1776551312699;6.95578999223007;1990-03-16;1990;3;NA
1990-04-01;NA;0.0643599510869565;0.0951439891304348;0.214689119565217;0.119937032608696;0.275543989130435;0.190186260869565;0.163833537309728;0.201838457583801;1.28032296324971;-0.122000359793478;0.286216014934783;NA;NA;52.1776551312699;6.95578999223007;1990-04-01;1990;4;NA
1990-04-26;NA;0.0911788515625;0.1228842890625;0.2734653515625;0.14169884375;0.30117271875;0.21016078125;0.229676326136656;0.239607732441076;1.09994422243795;-0.0464974964096875;0.319954780375;NA;NA;52.1768567535611;6.95588599967606;1990-04-26;1990;4;NA
1990-05-03;NA;0.0572470163043478;0.0904405923913044;0.216072429347826;0.11094160326087;0.269320440217391;0.186743739130435;0.182200462582941;0.212592128320927;1.24596029376613;-0.106632015804348;0.325828820913043;NA;NA;52.1776551312699;6.95578999223007;1990-05-03;1990;5;NA
1990-05-19;NA;0.0497447173913043;0.0798184184782609;0.24535927173913;0.0862015869565217;0.246360092391304;0.155542777173913;0.286862763583627;0.327838600124151;1.00584851149871;-0.000115401631847826;0.481138943478261;NA;NA;52.1776551312699;6.95578999223007;1990-05-19;1990;5;NA
1990-06-29;NA;0.0484064239130435;0.0695271413043478;0.305047125;0.0519394565217391;0.204002081521739;0.13045189673913;0.503750558918106;0.455488574993668;0.677706939489472;0.194600140140652;0.7062754095;NA;NA;52.1776551312699;6.95578999223007;1990-06-29;1990;6;NA
1990-07-15;NA;0.0277245706521739;0.0496464945652174;0.284262804347826;0.0373961413043478;0.182519260869565;0.1004375;0.472018054163935;0.516983692847634;0.662639534164771;0.209360471109783;0.760805391173913;NA;NA;52.1776551312699;6.95578999223007;1990-07-15;1990;7;NA
1990-07-22;NA;0.0436021923076923;0.0624339505494505;0.345655967032967;0.0508256263736264;0.200820054945055;0.104527445054945;0.554472786774143;0.561034682967572;0.594381250580789;0.260531344935824;0.745649362549451;NA;NA;52.1776329201777;6.95582256849862;1990-07-22;1990;7;NA
1990-07-31;NA;0.0349950923913043;0.0501502826086957;0.338812043478261;0.0362584184782609;0.179433043478261;0.087286402173913;0.582149204077073;0.602290573145539;0.543101446981855;0.300728588217391;0.80204967526087;NA;NA;52.1776551312699;6.95578999223007;1990-07-31;1990;7;NA
1990-10-19;NA;0.047834722826087;0.0655737173913043;0.218959510869565;0.0742597119565217;0.165865320652174;0.0846789239130435;0.277214041327144;0.507023974354058;0.757227116390005;0.139275478478261;0.494065015521739;NA;NA;52.1776551312699;6.95578999223007;1990-10-19;1990;10;NA
1990-10-26;NA;0.0347992445652174;0.0576214945652174;0.186491157608696;0.0719931141304348;0.159025413043478;0.0825257336956522;0.211317622776335;0.4735757208583;0.853188492633941;0.0804619379565217;0.444129512065217;NA;NA;52.1776551312699;6.95578999223007;1990-10-26;1990;10;NA
1991-03-03;NA;0.0848442826086957;0.120072260869565;0.236340706521739;0.159332516304348;0.236482630434783;0.143189597826087;0.124101881615909;0.347550149268341;1.00231609592497;-0.000551830885869565;0.196713821282609;NA;NA;52.1776551312699;6.95578999223007;1991-03-03;1991;3;NA
1991-07-02;NA;0.0394640217391304;0.0639447010869565;0.314416255434783;0.0530477663043478;0.198415157608696;0.0930858532608696;0.48878502086367;0.571174307953957;0.631676019293222;0.226107959043478;0.711449137065217;NA;NA;52.1776551312699;6.95578999223007;1991-07-02;1991;7;NA
1991-07-09;NA;0.0334969674556213;0.0555797928994083;0.263089097633136;0.0462270266272189;0.134382914201183;0.0604036834319527;0.417015815643049;0.640891802264618;0.501978358208347;0.333423096686391;0.696823617573964;NA;NA;52.1792043264744;6.95519040664399;1991-07-09;1991;7;NA
1991-08-26;NA;0.049583722826087;0.0693527554347826;0.374297804347826;0.0578121413043478;0.200016733695652;0.0849759239130435;0.585530522928393;0.636477318450333;0.537046008869702;0.301900992673913;0.730800335347826;NA;NA;52.1776551312699;6.95578999223007;1991-08-26;1991;8;NA
1991-09-04;NA;0.0467245425257732;0.0609993105670103;0.353453305412371;0.0498999420103093;0.202211101804124;0.0884303479381443;0.581996335542659;0.613108641165835;0.575047802628805;0.270784164561856;0.751403848608247;NA;NA;52.1776669390223;6.95608101859918;1991-09-04;1991;9;NA
1991-10-29;NA;0.0514769553376906;0.0745333387799564;0.19063690087146;0.0876450272331155;0.218524177559913;0.123650495642702;0.194280584451408;0.340860318796255;1.14625411044426;-0.0652875706759041;0.371296654488017;NA;NA;52.1776583605078;6.95579527643763;1991-10-29;1991;10;NA
1992-03-05;NA;0.103893913755459;0.132097325327511;0.243172767467249;0.153508056768559;0.266795927947598;0.17409114628821;0.162146946838155;0.278311299752236;1.09637761387682;-0.0454785391091703;0.226491175349345;NA;NA;52.1776468934441;6.95580293738482;1992-03-05;1992;3;NA
1992-05-17;NA;0.091367402173913;0.129779701086957;0.302416092391304;0.144425125;0.303604869565217;0.191765956521739;0.266840505026032;0.312864226112859;1.00250944953566;0.000767319026673913;0.354558961804348;NA;NA;52.1776551312699;6.95578999223007;1992-05-17;1992;5;NA
1992-05-24;NA;0.0499466032608696;0.0924028967391304;0.276494592391304;0.097405625;0.256699255434783;0.15154027173913;0.304898090770187;0.374963059630902;0.928500270637831;0.0384425511784348;0.479861100456522;NA;NA;52.1776551312699;6.95578999223007;1992-05-24;1992;5;NA
1992-06-02;NA;0.253918945652174;0.266293885869565;0.420164038043478;0.255515679347826;0.264345989130435;0.192376815217391;0.392682745132784;0.421469401925931;0.628812477821605;0.227960833782609;0.244233283043478;NA;NA;52.1776551312699;6.95578999223007;1992-06-02;1992;6;NA
1992-06-09;NA;0.319280091240876;0.33651094890511;0.48077996350365;0.31673503649635;0.339025693430657;0.256931368613139;0.416229046595122;0.35783952468172;0.702847035519365;0.174923996277372;0.208437756788321;NA;NA;52.1776698846231;6.95362223286562;1992-06-09;1992;6;NA
1992-06-25;NA;0.160792629682997;0.193922600864553;0.494846066282421;0.182572708933718;0.338666988472622;0.210364827089337;0.564083481537383;0.442738945316332;0.683853701724502;0.188064117319885;0.462509878040346;NA;NA;52.1771025508739;6.95618918593846;1992-06-25;1992;6;NA
1992-07-27;NA;0.124078008849558;0.138269955752212;0.270553473451327;0.121401626106195;0.14368185840708;0.0766024225663717;0.349106949171097;0.589222211787468;0.528722461402143;0.309192899292035;0.382974322035398;NA;NA;52.1790216834587;6.95582576584758;1992-07-27;1992;7;NA
1992-08-05;NA;0.0377795869565217;0.0610536141304348;0.354470722826087;0.0538657717391304;0.223939581521739;0.0982103586956522;0.538544645137319;0.586456030482741;0.634310179877008;0.22475981576087;0.735000692782609;NA;NA;52.1776551312699;6.95578999223007;1992-08-05;1992;8;NA
1992-09-06;NA;0.112565;0.120045;0.293625;0.11471;0.2018575;0.113225;0.393168797892142;0.494258327797286;0.687467007237122;0.18520835;0.4381574;NA;NA;52.1750949327101;6.9529602990851;1992-09-06;1992;9;NA
1992-10-15;NA;0.0621222880434783;0.0843441413043478;0.239591864130435;0.0964357119565217;0.240413755434783;0.131345288043478;0.265416225230358;0.384968520957842;1.00396380694997;0.000454599995434783;0.426619334021739;NA;NA;52.1776551312699;6.95578999223007;1992-10-15;1992;10;NA
1993-03-08;NA;0.0673002989130435;0.0916989565217391;0.198004869565217;0.116236608695652;0.251388347826087;0.166758891304348;0.147428885543036;0.231575188544966;1.26800381512966;-0.117176253930435;0.261879009891304;NA;NA;52.1776551312699;6.95578999223007;1993-03-08;1993;3;NA
1993-04-09;NA;0.0758664293478261;0.106124858695652;0.222995614130435;0.129096864130435;0.286621347826087;0.198922173913043;0.164693638053614;0.193887992757885;1.2832481910952;-0.123242732796739;0.268054466847826;NA;NA;52.1776551312699;6.95578999223007;1993-04-09;1993;4;NA
1993-05-04;NA;0.0796219721115538;0.110410687250996;0.262020378486056;0.124898804780876;0.268626513944223;0.189801762948207;0.242321594414172;0.267181569459501;1.02456127004982;-0.0104855780846215;0.356757961593625;NA;NA;52.178233309892;6.95661672860709;1993-05-04;1993;5;NA
1993-05-11;NA;0.0551259891304348;0.0842865108695652;0.228210211956522;0.095372597826087;0.246844989130435;0.168912679347826;0.239743034693479;0.270704293652018;1.08139080312036;-0.0371286553053043;0.41384460876087;NA;NA;52.1776551312699;6.95578999223007;1993-05-11;1993;5;NA
1993-06-05;NA;0.0547382989130435;0.0792299782608696;0.329002494565217;0.0685436576086956;0.245503467391304;0.134850940217391;0.490059168825041;0.470018656502656;0.746953587100683;0.146281804741304;0.655047960565217;NA;NA;52.1776551312699;6.95578999223007;1993-06-05;1993;6;NA
1993-10-18;NA;0.0362435923913043;0.0573624565217391;0.1905605;0.0720592336956522;0.213329543478261;0.119959391304348;0.219530712955768;0.353877386584832;1.1161822944644;-0.051638453976087;0.452850678847826;NA;NA;52.1776551312699;6.95578999223007;1993-10-18;1993;10;NA
1994-04-21;NA;0.170646157178218;0.191582574257426;0.323010179455446;0.197712896039604;0.323296002475248;0.217214888613861;0.255595044981015;0.282796904392456;1.00111468150968;0.000673718680470297;0.241196194282178;NA;NA;52.177965983935;6.95582801498096;1994-04-21;1994;4;NA
1994-05-14;NA;0.0690885760869565;0.101965902173913;0.270923989130435;0.116412130434783;0.287295516304348;0.187723576086957;0.267293277001654;0.2841764326503;1.06000838387707;-0.0274900627502826;0.40132590026087;NA;NA;52.1776551312699;6.95578999223007;1994-05-14;1994;5;NA
1994-06-24;NA;0.0361248043478261;0.0612694293478261;0.29717985326087;0.0566699945652174;0.230313543478261;0.119258440217391;0.440200140368989;0.481358309090622;0.776307519310747;0.127497928923913;0.679675831847826;NA;NA;52.1776551312699;6.95578999223007;1994-06-24;1994;6;NA
1994-07-26;NA;0.0464231358695652;0.0714606902173913;0.38265397826087;0.0543403858695652;0.223064125;0.103721717391304;0.603304973380354;0.591243068566983;0.587931639820927;0.26276602273913;0.749677003826087;NA;NA;52.1776551312699;6.95578999223007;1994-07-26;1994;7;NA
1994-08-02;NA;0.0322994347826087;0.0560062880434783;0.330803923913043;0.0461267336956522;0.203624614130435;0.0927351684782609;0.520683713324886;0.583664612883891;0.622030224009957;0.236094399695652;0.752781587043478;NA;NA;52.1776551312699;6.95578999223007;1994-08-02;1994;8;NA
1994-09-28;NA;0.0412583967391304;0.0588714891304348;0.261233288043478;0.0574961902173913;0.204845434782609;0.0979886847826087;0.392902325728375;0.507641977513099;0.786366963972044;0.1212762117;0.638961146913044;NA;NA;52.1776551312699;6.95578999223007;1994-09-28;1994;9;NA
1994-10-14;NA;0.0415634673913043;0.060234472826087;0.211937983695652;0.0709384891304348;0.211187114130435;0.108097326086957;0.266298313020614;0.418934177624933;0.998073600619506;0.00337513611065217;0.498885080978261;NA;NA;52.1776551312699;6.95578999223007;1994-10-14;1994;10;NA
1994-10-21;NA;0.0582419184782609;0.0783625923913043;0.21117725;0.0894534619565217;0.228754472826087;0.125031288043478;0.232484446378271;0.3655883346105;1.0850614818052;-0.0380324657779348;0.40511401273913;NA;NA;52.1776551312699;6.95578999223007;1994-10-21;1994;10;NA
1995-03-07;NA;0.0717001793478261;0.0873912608695652;0.19059810326087;0.106971739130435;0.200721152173913;0.119221195652174;0.162127474934041;0.35400782417364;1.05152511057265;-0.0241303683115217;0.283751782021739;NA;NA;52.1776551312699;6.95578999223007;1995-03-07;1995;3;NA
1995-03-23;NA;0.0682348804347826;0.0931842554347826;0.209704385869565;0.118773961956522;0.266882864130435;0.174771494565217;0.162020521935723;0.230461279081389;1.26961305968774;-0.11769809348913;0.28030463226087;NA;NA;52.1776551312699;6.95578999223007;1995-03-23;1995;3;NA
1995-04-08;NA;0.0723687880434783;0.0985080760869565;0.219987831521739;0.124894983695652;0.275587510869565;0.185053385869565;0.167348802018947;0.221001343583236;1.25055988424562;-0.110495919343478;0.27899028826087;NA;NA;52.1776551312699;6.95578999223007;1995-04-08;1995;4;NA
1995-04-24;NA;0.071498652173913;0.0998681304347826;0.232925266304348;0.119107010869565;0.276951331521739;0.187810081521739;0.202381867552097;0.233429497372218;1.18729041251432;-0.0844785782576739;0.325910165847826;NA;NA;52.1776551312699;6.95578999223007;1995-04-24;1995;4;NA
1995-05-01;NA;0.0624228152173913;0.0816154239130435;0.233290418478261;0.103149597826087;0.274681744565217;0.184739885869565;0.235796230317294;0.241413266078608;1.17651303103386;-0.0793760302198478;0.390051433673913;NA;NA;52.1776551312699;6.95578999223007;1995-05-01;1995;5;NA
1995-06-02;NA;0.0654163097826087;0.0822398532608696;0.304726630434783;0.0886606847826087;0.270890630434783;0.156333880434783;0.402191140651806;0.394357175295657;0.891195007984367;0.0604220210083913;0.549563934347826;NA;NA;52.1776551312699;6.95578999223007;1995-06-02;1995;6;NA
1995-06-27;NA;0.0450590760869565;0.070787597826087;0.310690722826087;0.0647858423913043;0.22865947826087;0.12015685326087;0.451973403147325;0.491507210418161;0.739770189879686;0.152593280097391;0.654237289456522;NA;NA;52.1776551312699;6.95578999223007;1995-06-27;1995;6;NA
1995-07-13;NA;0.0468440652173913;0.0745955108695652;0.375176369565217;0.0574896739130435;0.216683945652174;0.101105451086957;0.580038293526584;0.592409147571238;0.583595110373892;0.26619702833913;0.731953122673913;NA;NA;52.1776551312699;6.95578999223007;1995-07-13;1995;7;NA
1995-07-20;NA;0.0310200869565217;0.0485385434782609;0.341653451086957;0.041619125;0.198977413043478;0.0894972826086956;0.551198041802819;0.600574211794268;0.58977513464721;0.261205295804348;0.779945011543478;NA;NA;52.1776551312699;6.95578999223007;1995-07-20;1995;7;NA
1995-07-29;NA;0.0572551625560538;0.0759414742152466;0.40243158632287;0.0556600392376682;0.229068010089686;0.101261081838565;0.662374549271929;0.609123613671978;0.574752885697319;0.272088103542601;0.754417232735426;NA;NA;52.1775747662927;6.95575192460929;1995-07-29;1995;7;NA
1995-08-05;NA;0.0284341902173913;0.045185875;0.333879260869565;0.0385217282608696;0.191435358695652;0.0849411304347826;0.545101895668219;0.608598942470125;0.579209195759844;0.268656724565217;0.790769673565217;NA;NA;52.1776551312699;6.95578999223007;1995-08-05;1995;8;NA
1995-08-14;NA;0.0402561393442623;0.0630638278688525;0.39739818852459;0.0521777950819672;0.222757229508197;0.0999424098360656;0.611057144413546;0.610452497143196;0.564022975222395;0.280661628295082;0.765422792196721;NA;NA;52.1775857695488;6.95535791730489;1995-08-14;1995;8;NA
1995-08-21;NA;0.0485715178571429;0.0559690178571429;0.328894732142857;0.0489447321428571;0.168233839285714;0.0731633928571429;0.55408071808834;0.646459671579147;0.508029723489846;0.328993271785714;0.737962973214286;NA;NA;52.1799458352444;6.9542596479782;1995-08-21;1995;8;NA
1995-10-08;NA;0.0470731607142857;0.0682901964285714;0.218696535714286;0.0649591607142857;0.173059892857143;0.0868004464285714;0.30675521061594;0.498635698845597;0.792252534759715;0.116875247235714;0.543076392285714;NA;NA;52.1777841036785;6.95393047959195;1995-10-08;1995;10;NA
1995-10-24;NA;0.047979277173913;0.0709494293478261;0.195328222826087;0.0765744347826087;0.208334288043478;0.106909864130435;0.22988308089213;0.401550139949607;1.06659182227731;-0.0279867032621957;0.437373408217391;NA;NA;52.1776551312699;6.95578999223007;1995-10-24;1995;10;NA
1996-04-17;NA;0.0724028641304348;0.102291777173913;0.212890679347826;0.128765190217391;0.292732864130435;0.196388407608696;0.146270134563823;0.184946334249464;1.3720422185315;-0.156122315771739;0.249136787869565;NA;NA;52.1776551312699;6.95578999223007;1996-04-17;1996;4;NA
1996-07-22;NA;0.0523054456521739;0.0678075543478261;0.346520652173913;0.0615619456521739;0.208115902173913;0.102946695652174;0.538163156325568;0.567692961042308;0.60219838344543;0.249078550565217;0.697187725304348;NA;NA;52.1776551312699;6.95578999223007;1996-07-22;1996;7;NA
1996-08-07;NA;0.0174407026143791;0.0475406808278867;0.421147952069717;0.0365405610021786;0.225751045751634;0.0980243300653595;0.635053786052554;0.629431784123977;0.540082970723209;0.300120906753813;0.838998499912854;NA;NA;52.1776495534952;6.95578353375417;1996-08-07;1996;8;NA
1996-08-23;NA;0.0459302880434783;0.0665885869565217;0.385240592391304;0.0531288913043478;0.221429309782609;0.0958464347826087;0.609656690182574;0.613637829594022;0.577273494749326;0.268859108;0.755744197152174;NA;NA;52.1776551312699;6.95578999223007;1996-08-23;1996;8;NA
1997-02-15;NA;0.0568336195652174;0.0810437826086957;0.186627940217391;0.109195652173913;0.211399163043478;0.125244233695652;0.136545481811517;0.33596723350289;1.12028172886568;-0.0546226947721739;0.267462271152174;NA;NA;52.1776551312699;6.95578999223007;1997-02-15;1997;2;NA
1997-03-03;NA;0.0559008315217391;0.0817421630434783;0.187035358695652;0.107997788043478;0.22749575;0.146232831521739;0.14014684907395;0.269873022763261;1.21451788400585;-0.0960585332565217;0.273939180369565;NA;NA;52.1776551312699;6.95578999223007;1997-03-03;1997;3;NA
1997-04-20;NA;0.0667767465753425;0.0948433219178082;0.217993595890411;0.116177671232877;0.273306643835616;0.182694897260274;0.180187329818046;0.225746652668984;1.25102859333833;-0.110825377246575;0.309294498219178;NA;NA;52.1758221989196;6.95458649586313;1997-04-20;1997;4;NA
1997-06-07;NA;0.0479590108695652;0.0773334347826087;0.261011135869565;0.0817658967391304;0.259654190217391;0.150765010869565;0.322399356873781;0.359021754996191;0.994684968378425;0.00391653990608696;0.525354447021739;NA;NA;52.1776551312699;6.95578999223007;1997-06-07;1997;6;NA
1997-08-10;NA;0.0302108097826087;0.0499527608695652;0.339295445652174;0.0370092880434783;0.191093402173913;0.0798946413043478;0.565286088428859;0.628390253577254;0.565712928605625;0.278011272869565;0.801595307586957;NA;NA;52.1776551312699;6.95578999223007;1997-08-10;1997;8;NA
1998-02-18;NA;0.0594485108695652;0.0835900434782609;0.189815489130435;0.104572125;0.234545972826087;0.145147119565217;0.156318629538098;0.279160003925761;1.22995424200035;-0.10112664023413;0.293966188195652;NA;NA;52.1776551312699;6.95578999223007;1998-02-18;1998;2;NA
1998-04-23;NA;0.0586028858695652;0.0886561413043478;0.210072048913043;0.107062369565217;0.263453554347826;0.175129592391304;0.183385785450937;0.231692657069981;1.24928663098526;-0.109148635569565;0.330515781804348;NA;NA;52.1776551312699;6.95578999223007;1998-04-23;1998;4;NA
1998-05-09;NA;0.0703322336956522;0.101030722826087;0.251285641304348;0.109088940217391;0.240341239130435;0.155715070652174;0.258904737931439;0.335472982785583;0.955033554848717;0.0246450924989565;0.397483746282609;NA;NA;52.1776551312699;6.95578999223007;1998-05-09;1998;5;NA
1999-01-29;NA;0.0795475;0.0949625;0.1734575;0.1100925;0.1900075;0.116025;0.12622826561445;0.345727708912797;1.07522081472564;-0.033048715;0.216843577272727;NA;NA;52.1763934066208;6.95858293611343;1999-01-29;1999;1;NA
1999-04-19;NA;0.0670015652173913;0.101053739130435;0.228297315217391;0.126376456521739;0.286017722826087;0.194327641304348;0.172452521858174;0.215224605753229;1.24617138967439;-0.108200615502174;0.293321790065217;NA;NA;52.1776551312699;6.95578999223007;1999-04-19;1999;4;NA
1999-07-24;NA;0.0374278858695652;0.0635237119565217;0.365385951086957;0.0496672989130435;0.218104918478261;0.0998955706521739;0.569141009733143;0.587420316114074;0.605278326321294;0.248540847543478;0.756386370413043;NA;NA;52.1776551312699;6.95578999223007;1999-07-24;1999;7;NA
1999-07-31;NA;0.0308171847826087;0.0543480380434783;0.33071060326087;0.0454397717391304;0.204667342391304;0.0930165652173913;0.518331226367031;0.581229269201465;0.628091431311463;0.231099688895652;0.753495882326087;NA;NA;52.1776551312699;6.95578999223007;1999-07-31;1999;7;NA
1999-10-03;NA;0.0361177808988764;0.0609841924157303;0.275799901685393;0.0630294662921348;0.221049950842697;0.109543167134831;0.3832181460316;0.489156779359654;0.800190105569695;0.112344318769663;0.626065338539326;NA;NA;52.1782107746001;6.95606251484436;1999-10-03;1999;10;NA
1999-10-12;NA;0.0318176467391304;0.0528393043478261;0.216786173913043;0.055321597826087;0.199463744565217;0.101477777173913;0.308141106454705;0.446609061890638;0.91931152115329;0.0430677630358696;0.593600553673913;NA;NA;52.1776551312699;6.95578999223007;1999-10-12;1999;10;NA
1999-10-28;NA;0.0481436382681564;0.0564835125698324;0.145156187150838;0.0652850488826816;0.120191103351955;0.057218561452514;0.169401125327463;0.526221585006871;0.81940613419533;0.102088279313128;0.381412141703911;NA;NA;52.1780360370244;6.955261541954;1999-10-28;1999;10;NA
1999-11-04;NA;0.042312722826087;0.0570484782608696;0.173350701086957;0.0786369945652174;0.209088385869565;0.115137445652174;0.17886864005175;0.341991014738835;1.20283495071956;-0.0890770622326087;0.377771581347826;NA;NA;52.1776551312699;6.95578999223007;1999-11-04;1999;11;NA
2000-01-15;NA;0.046692277173913;0.0591272989130435;0.143427114130435;0.0743422717391304;0.161555054347826;0.0916120923913043;0.140815182643721;0.375490863812767;1.12274274913673;-0.0555296626347826;0.321939364978261;NA;NA;52.1776551312699;6.95578999223007;2000-01-15;2000;1;NA
2000-04-20;NA;0.0550678804347826;0.0816365869565217;0.201263260869565;0.110752869565217;0.267402135869565;0.182467608695652;0.156752515182314;0.199459812340841;1.32539157188306;-0.139106411506522;0.2961753585;NA;NA;52.1776551312699;6.95578999223007;2000-04-20;2000;4;NA
2000-05-06;NA;0.0491905326086957;0.0752876141304348;0.216193788043478;0.0932851684782609;0.264905195652174;0.173756086956522;0.219823947438939;0.243607379120866;1.22236452429102;-0.0986078518652174;0.403200985282609;NA;NA;52.1776551312699;6.95578999223007;2000-05-06;2000;5;NA
2000-05-15;NA;0.0472248804347826;0.0735443532608696;0.241369918478261;0.0865074945652174;0.267573054347826;0.164574793478261;0.27659122075813;0.300722613385244;1.10737445469894;-0.0493283672786522;0.477457507608696;NA;NA;52.1776551312699;6.95578999223007;2000-05-15;2000;5;NA
2000-05-31;NA;0.0404593050541516;0.0622009837545126;0.308387933212996;0.0619500090252708;0.261835893501805;0.144149494584838;0.446723005921385;0.431355042323052;0.842182170539522;0.0880650009646209;0.667556318050541;NA;NA;52.1787209483028;6.9557831818976;2000-05-31;2000;5;NA
2000-08-03;NA;0.0475266282420749;0.0676196974063401;0.408391851585014;0.0565273703170029;0.265668595100865;0.128530850144092;0.631139540140499;0.549821073658919;0.652600289669276;0.212074117795389;0.763607257060519;NA;NA;52.177039642916;6.95596473655768;2000-08-03;2000;8;NA
2000-08-26;NA;0.0258448858695652;0.0424883641304348;0.26643114673913;0.0380565597826087;0.192788836956522;0.0912492119565217;0.437969004498411;0.533641854179341;0.726979245386342;0.15962723775;0.747635845913043;NA;NA;52.1776551312699;6.95578999223007;2000-08-26;2000;8;NA
2000-11-14;NA;0.0860347235023041;0.0922525748847926;0.189407983870968;0.106137476958525;0.197974423963134;0.118707574884793;0.176019144717312;0.356328116078976;1.04008417150188;-0.0172059967564516;0.280869157511521;NA;NA;52.177779322323;6.95593343289641;2000-11-14;2000;11;NA
2000-11-30;NA;0.0716777583979328;0.0870388888888889;0.213848565891473;0.109466737726098;0.256718223514212;0.155365090439276;0.196846395564811;0.289015550200853;1.19491491783047;-0.0860478763736434;0.32588879627907;NA;NA;52.177679155981;6.95622034792433;2000-11-30;2000;11;NA
2001-01-17;NA;0.109192246835443;0.119850689873418;0.209862506329114;0.137752493670886;0.126717196202532;0.0790264873417722;0.149043936787851;0.51637463625409;0.605604901919569;0.247139484772152;0.208796106303797;NA;NA;52.1777114181136;6.95565149248121;2001-01-17;2001;1;NA
2001-03-06;NA;0.0540973097826087;0.0757266576086957;0.188622048913043;0.102647543478261;0.23684389673913;0.155491663043478;0.154487947722708;0.247828850036292;1.25094140263665;-0.110227730004348;0.300500100782609;NA;NA;52.1776551312699;6.95578999223007;2001-03-06;2001;3;NA
2001-05-02;NA;0.0675258928571429;0.0940254166666667;0.22614130952381;0.119828928571429;0.251567351190476;0.172669196428571;0.18509141086268;0.258920381162684;1.11037517912038;-0.0514132955928571;0.308776884166667;NA;NA;52.1787266930731;6.95797803160068;2001-05-02;2001;5;NA
2001-05-09;NA;0.053081125;0.0789209619565217;0.208918244565217;0.101490092391304;0.258818309782609;0.170252467391304;0.190286834104304;0.241176500314556;1.23604230292162;-0.104378226408696;0.351795369369565;NA;NA;52.1776551312699;6.95578999223007;2001-05-09;2001;5;NA
2001-05-25;NA;0.0423136793478261;0.0668620326086957;0.227299125;0.0790454293478261;0.242346168478261;0.148398576086957;0.269404022598243;0.323998703171021;1.06520080986949;-0.0292742214678261;0.490323045130435;NA;NA;52.1776551312699;6.95578999223007;2001-05-25;2001;5;NA
2001-06-03;NA;0.0475099268292683;0.069463243902439;0.307490231707317;0.0719568902439024;0.215676182926829;0.114187634146341;0.426260924491272;0.507651184985293;0.700513118703329;0.177617562253659;0.629175707268293;NA;NA;52.1770550128398;6.95445960920442;2001-06-03;2001;6;NA
2001-07-05;NA;0.028105027173913;0.0503749456521739;0.334722673913044;0.0389353043478261;0.211033472826087;0.0977950489130435;0.544204751580902;0.572755707546178;0.634222086403153;0.225612234141304;0.790126938173913;NA;NA;52.1776551312699;6.95578999223007;2001-07-05;2001;7;NA
2001-07-28;NA;0.0344933426183844;0.0529299094707521;0.349008927576602;0.0400121100278552;0.205995675487465;0.0930425278551532;0.579605922201704;0.597809049652817;0.595393289872137;0.256891664713092;0.796628782534819;NA;NA;52.1773049384453;6.95557529737944;2001-07-28;2001;7;NA
2001-10-16;NA;0.0364585108695652;0.0515565489130435;0.233516456521739;0.060525375;0.220579679347826;0.111044489130435;0.32674878651702;0.436603311050394;0.945152294813501;0.0295342035107826;0.5881231695;NA;NA;52.1776551312699;6.95578999223007;2001-10-16;2001;10;NA
2001-11-01;NA;0.0363587336956522;0.0522699945652174;0.179619206521739;0.0681128641304348;0.193883695652174;0.107696304347826;0.212393497322926;0.37487782368704;1.07862443937148;-0.0357778913717391;0.451263152847826;NA;NA;52.1776551312699;6.95578999223007;2001-11-01;2001;11;NA
2002-02-14;NA;0.0495190721040189;0.0677124349881797;0.180959645390071;0.0943677364066194;0.218990650118203;0.141342287234043;0.156221135073439;0.289762458531095;1.16613118547512;-0.0683554961286052;0.325427526453901;NA;NA;52.1775121016378;6.9559830344507;2002-02-14;2002;2;NA
2002-02-21;NA;0.0491291358695652;0.0700728369565217;0.18301910326087;0.0965596413043478;0.226668179347826;0.146829282608696;0.156140000021088;0.263414683784906;1.23145259172948;-0.101966496612957;0.316412817478261;NA;NA;52.1776551312699;6.95578999223007;2002-02-21;2002;2;NA
2002-03-02;NA;0.0528347608695652;0.0733450380434783;0.201684967391304;0.104949891304348;0.233651505434783;0.148227358695652;0.169816093137001;0.288792267768534;1.15233558094931;-0.069211900398913;0.32342480773913;NA;NA;52.1776551312699;6.95578999223007;2002-03-02;2002;3;NA
2002-03-25;NA;0.0580183315217391;0.0826531304347826;0.204913945652174;0.111433494565217;0.257486293478261;0.170929027173913;0.163574983132751;0.235275472781306;1.24956660526147;-0.109331144823478;0.302589975478261;NA;NA;52.1776551312699;6.95578999223007;2002-03-25;2002;3;NA
2002-04-10;NA;0.0805843532608696;0.102463711956522;0.244269135869565;0.129814673913043;0.2986685;0.200028929347826;0.202443590188302;0.223554668064973;1.21928953656482;-0.0977947444586957;0.309100392782609;NA;NA;52.1776551312699;6.95578999223007;2002-04-10;2002;4;NA
2002-04-19;NA;0.102496726190476;0.126697773809524;0.288147523809524;0.164450035714286;0.324968583333333;0.210443261904762;0.207105260815063;0.260069152837614;1.1230760240307;-0.0554905436285714;0.278495625428571;NA;NA;52.1763038084211;6.95578999223007;2002-04-19;2002;4;NA
2002-05-21;NA;0.0648826304347826;0.0911212173913044;0.287072108695652;0.100010711956522;0.261886711956522;0.160579282608696;0.335708801253435;0.366086072128174;0.910768713396724;0.0480834165702174;0.487523584130435;NA;NA;52.1776551312699;6.95578999223007;2002-05-21;2002;5;NA
2002-06-29;NA;0.05164425;0.0688294782608696;0.451266358695652;0.0496488858695652;0.22562939673913;0.0985563206521739;0.734989828651312;0.642788170122449;0.508425246441852;0.328980972717391;0.796935579130435;NA;NA;52.1776551312699;6.95578999223007;2002-06-29;2002;6;NA
2002-07-08;NA;0.0516217961165049;0.0735933616504854;0.412805661407767;0.0584445995145631;0.238484696601942;0.113479241504854;0.642307371730133;0.58464049052443;0.584277133011748;0.264753229150485;0.748441973106796;NA;NA;52.1777244672554;6.95610135005185;2002-07-08;2002;7;NA
2002-07-15;NA;0.06922874;0.09234051;0.39634245;0.07879929;0.22676029;0.11669726;0.587100308193849;0.567017855804071;0.576315229870562;0.27018791168;0.66716193684;NA;NA;52.1766256619543;6.95639904999271;2002-07-15;2002;7;NA
2002-07-31;NA;0.02810975;0.0484627391304348;0.354726173913044;0.0355018097826087;0.19687772826087;0.0846799402173913;0.586026522724014;0.623073281477341;0.563075139044723;0.28217019723913;0.814207421543478;NA;NA;52.1776551312699;6.95578999223007;2002-07-31;2002;7;NA
2002-08-09;NA;0.109955833333333;0.122272166666667;0.439952333333333;0.102964166666667;0.252273833333333;0.1194175;0.682684493766938;0.591771752575366;0.573279657148446;0.271966184909091;0.636635232181818;NA;NA;52.175970381787;6.95544536582107;2002-08-09;2002;8;NA
2002-08-16;NA;0.0282586086956522;0.04773375;0.318955190217391;0.0391926086956522;0.196075744565217;0.0881165434782609;0.519844378259275;0.587778134081486;0.62150499620891;0.23583656226087;0.777546885043478;NA;NA;52.1776551312699;6.95578999223007;2002-08-16;2002;8;NA
2002-09-01;NA;0.0213803225806452;0.0340398271889401;0.242436791474654;0.0279867857142857;0.143898081797235;0.0652560023041475;0.424938534443277;0.610731976440017;0.577489680962;0.272204905345622;0.800957636059908;NA;NA;52.1775495688747;6.95567076881909;2002-09-01;2002;9;NA
2002-10-19;NA;0.0239809239130435;0.0329146576086956;0.125251168478261;0.0420316847826087;0.106734222826087;0.053384402173913;0.173112411774748;0.511708952999709;0.849167057971604;0.0838481851471304;0.496429368;NA;NA;52.1776551312699;6.95578999223007;2002-10-19;2002;10;NA
2002-11-20;NA;0.038386375;0.0541955;0.190117;0.078204125;0.193738625;0.10671825;0.205056090667262;0.393769594182758;1.01827620260893;-0.007393822651;0.4192210845;NA;NA;52.178072847877;6.95440209511611;2002-11-20;2002;11;NA
2003-02-24;NA;0.0624987989130435;0.081309097826087;0.194560972826087;0.110570831521739;0.248748945652174;0.157465804347826;0.151941997301913;0.251561427661701;1.27360647238791;-0.118819577485217;0.278730344021739;NA;NA;52.1776551312699;6.95578999223007;2003-02-24;2003;2;NA
2003-03-28;NA;0.0829318369565217;0.101617070652174;0.220120788043478;0.129593777173913;0.268956244565217;0.17607075;0.165070983632139;0.243146834422322;1.21825716348585;-0.0974534749326087;0.260860163565217;NA;NA;52.1776551312699;6.95578999223007;2003-03-28;2003;3;NA
2003-04-13;NA;0.0748786413043478;0.0943988586956522;0.220401467391304;0.12352739673913;0.27964172826087;0.184050413043478;0.173607681453642;0.225207855717984;1.26443249763495;-0.115743662611522;0.284501036;NA;NA;52.1776551312699;6.95578999223007;2003-04-13;2003;4;NA
2003-04-29;NA;0.0535321847826087;0.0801044184782609;0.2137375;0.109074413043478;0.242751076086957;0.155741972826087;0.178538770496729;0.29283886195092;1.12038105371434;-0.0538136707752826;0.331546786804348;NA;NA;52.1776551312699;6.95578999223007;2003-04-29;2003;4;NA
2003-05-08;NA;0.0665321806167401;0.0949210848017621;0.257864157488987;0.114986998898678;0.265587841409692;0.171578303964758;0.247626954922937;0.305524972975587;1.0275977343067;-0.0120750596964141;0.386865936674009;NA;NA;52.1776533504687;6.95582738905578;2003-05-08;2003;5;NA
2003-05-31;NA;0.044657277173913;0.0674718152173913;0.261173505434783;0.0695554782608696;0.234286695652174;0.132560847826087;0.357414195804628;0.40852398988648;0.896504070169381;0.0571074577521087;0.581421609369565;NA;NA;52.1776551312699;6.95578999223007;2003-05-31;2003;5;NA
2003-09-20;NA;0.0347972188264059;0.0480594804400978;0.262968282396088;0.045634706601467;0.194089187041565;0.0878109657701712;0.42549177583104;0.541846152822086;0.739698725427607;0.150625145701711;0.703487117897311;NA;NA;52.17744724486;6.95578603876428;2003-09-20;2003;9;NA
2003-11-07;NA;0.0490558423913044;0.0635374619565217;0.179306663043478;0.0858624402173913;0.218932070652174;0.124954706521739;0.176828887075827;0.320163152096962;1.21756703633125;-0.0958689460855217;0.354791337043478;NA;NA;52.1776551312699;6.95578999223007;2003-11-07;2003;11;NA
2004-03-30;NA;0.0639441891891892;0.086642972972973;0.207299189189189;0.115508243243243;0.275041891891892;0.181123378378378;0.162320655365375;0.211958978818991;1.32265073186174;-0.137770073574939;0.2877679902457;NA;NA;52.1774806550458;6.95577939784834;2004-03-30;2004;3;NA
2004-04-15;NA;0.061397125;0.087296027173913;0.215388934782609;0.115334010869565;0.28380839673913;0.18782652173913;0.173587518754665;0.208566500189244;1.31402433789746;-0.134502055969565;0.305826921304348;NA;NA;52.1776551312699;6.95578999223007;2004-04-15;2004;4;NA
2004-05-17;NA;0.0641416904761905;0.089621880952381;0.269279904761905;0.108679642857143;0.293572095238095;0.1770525;0.281013557854343;0.308806092993729;1.08772054277081;-0.0388451953666667;0.432425037428571;NA;NA;52.1756108223447;6.95581052515085;2004-05-17;2004;5;NA
2004-09-06;NA;0.0219812073170732;0.0389727195121951;0.282671548780488;0.0335755426829268;0.196127036585366;0.086564487804878;0.471270530903008;0.56340507690601;0.698336445998546;0.179606719565854;0.785417857560976;NA;NA;52.1778838730154;6.95578802031847;2004-09-06;2004;9;NA
2004-11-25;NA;0.0354676739130435;0.0497854891304348;0.163730065217391;0.0736872934782609;0.17111064673913;0.0925558206521739;0.169035899892447;0.40470313115496;1.04227117737254;-0.018113535285;0.384460171826087;NA;NA;52.1776551312699;6.95578999223007;2004-11-25;2004;11;NA
2005-03-10;NA;0.055490637254902;0.0777289705882353;0.197767549019608;0.109113480392157;0.230634362745098;0.144608431372549;0.154992973123344;0.289588005398216;1.16406329658251;-0.0752140539019608;0.291605904705882;NA;NA;52.1794068460739;6.95787725421376;2005-03-10;2005;3;NA
2005-04-02;NA;0.051844402173913;0.0758104130434783;0.197097847826087;0.106246336956522;0.269429304347826;0.177637114130435;0.158033450850353;0.2050459336817;1.36159638764789;-0.151942148104348;0.305589191608696;NA;NA;52.1776551312699;6.95578999223007;2005-04-02;2005;4;NA
2005-08-17;NA;0.0263577283950617;0.0459023518518518;0.316192382716049;0.0384898456790123;0.208135444444444;0.0967859074074074;0.513195435984677;0.557800266692384;0.671913387117579;0.20056824582716;0.776760677580247;NA;NA;52.177916308121;6.95588448168959;2005-08-17;2005;8;NA
2005-08-24;NA;0.0295589151982379;0.0489429019823788;0.303930715859031;0.0443335627753304;0.206750803964758;0.1000828469163;0.479955828309268;0.538422033659912;0.691887562716778;0.185585548768722;0.739731101013216;NA;NA;52.1776889664931;6.95581551704762;2005-08-24;2005;8;NA
2005-09-09;NA;0.0349621058558559;0.0511150731981982;0.290769707207207;0.0461008445945946;0.21290259009009;0.0982369425675676;0.468180893709483;0.534271271569751;0.737519277230589;0.153167115425676;0.723791985022523;NA;NA;52.1777291815838;6.95571715585569;2005-09-09;2005;9;NA
2005-09-18;NA;0.0236546241830065;0.0423625326797386;0.298737843137255;0.0396333823529412;0.226384624183007;0.108462826797386;0.476178540336785;0.511607628362673;0.765006398274603;0.136323982562091;0.763460416143791;NA;NA;52.1768422440079;6.95741224394904;2005-09-18;2005;9;NA
2006-03-20;NA;0.0845975;0.091995;0.20062;0.1108325;0.2030125;0.1345925;0.182326859287222;0.320789741055002;1.01192553085435;-0.0059274216;0.28828633;NA;NA;52.1756339218806;6.95861968537505;2006-03-20;2006;3;NA
2006-06-08;NA;0.0349345024271845;0.0558454490291262;0.248716832524272;0.056728786407767;0.224886347087379;0.128038288834951;0.361265305402964;0.407252257563264;0.899527395349727;0.0560175165720388;0.629076929514563;NA;NA;52.1780332086249;6.95682087442991;2006-06-08;2006;6;NA
2006-07-03;NA;0.0283648653846154;0.0521139711538462;0.352007923076923;0.0412338076923077;0.224351125;0.105377451923077;0.559669939551816;0.564462399936147;0.641695290178223;0.219719625442308;0.788428296576923;NA;NA;52.1788191405746;6.95589986309944;2006-07-03;2006;7;NA
2006-07-26;NA;0.0432447336956522;0.0604923152173913;0.350119027173913;0.0487592010869565;0.214551201086957;0.0962906195652174;0.57016415926155;0.586968441157426;0.621359050555113;0.236809347782609;0.751909866978261;NA;NA;52.1776551312699;6.95578999223007;2006-07-26;2006;7;NA
2006-09-12;NA;0.0268549691358025;0.0429806296296296;0.281384512345679;0.0378972037037037;0.193743574074074;0.0856156111111111;0.464827730466564;0.564895842066505;0.69386939926122;0.182481467874074;0.760331958617284;NA;NA;52.1775343577706;6.95579465016118;2006-09-12;2006;9;NA
2006-09-21;NA;0.0251856231884058;0.0352436884057971;0.275099246376812;0.0353955362318841;0.206100949275362;0.0945487536231884;0.461130704379905;0.53159552758914;0.752001117111184;0.142632985249275;0.77074471084058;NA;NA;52.1783241808706;6.95586029516535;2006-09-21;2006;9;NA
2007-04-01;NA;0.0621168718592965;0.0752953140703518;0.222882977386935;0.112759849246231;0.293040314070352;0.195503341708543;0.192664694704513;0.200692839140263;1.31428874498803;-0.135353013477387;0.330807407286432;NA;NA;52.1791752703248;6.95592270815647;2007-04-01;2007;4;NA
2007-05-03;NA;0.0578905405405405;0.0773794189189189;0.26059972972973;0.108060797297297;0.293675243243243;0.182854702702703;0.259677850455785;0.281456290897795;1.12762785495084;-0.0585889006259459;0.416907937297297;NA;NA;52.1792568031427;6.95592838134141;2007-05-03;2007;5;NA
2007-06-11;NA;0.0520306847826087;0.0703175869565217;0.367979798913043;0.0543862989130435;0.208298777173913;0.096504402173913;0.600271968935015;0.603487232869218;0.564593956880495;0.279848291369565;0.751380962934783;NA;NA;52.1776551312699;6.95578999223007;2007-06-11;2007;6;NA
2007-09-24;NA;0.0292822864321608;0.0432927763819095;0.255083611809045;0.0478002198492462;0.215759371859296;0.106085295226131;0.392052365630196;0.475964233278376;0.847552717063751;0.0837696495512563;0.683939296105528;NA;NA;52.1780146830909;6.95585228746083;2007-09-24;2007;9;NA
2007-10-10;NA;0.0355965;0.039772;0.24304;0.0502795;0.213407;0.1068895;0.377833000420098;0.460314908794407;0.8789272683442;0.0656680804454546;0.657196197454545;NA;NA;52.1790981522763;6.95807334635225;2007-10-10;2007;10;NA
2008-04-10;NA;0.0769538924050633;0.089156582278481;0.200646107594937;0.105753006329114;0.20596335443038;0.130658607594937;0.185309127745454;0.36911152278239;0.967498985071127;0.0326031811022785;0.31185363886076;NA;NA;52.1797240991932;6.95493716126414;2008-04-10;2008;4;NA
2008-05-05;NA;0.055157375;0.0838048653846154;0.236440230769231;0.110979942307692;0.289429028846154;0.185477971153846;0.212170327620616;0.243723484479545;1.2235320144199;-0.0991441879015385;0.365733686384615;NA;NA;52.1788191405746;6.95589986309944;2008-05-05;2008;5;NA
2008-05-12;NA;0.0299814814814815;0.0444067592592593;0.154148055555556;0.0542497222222222;0.148593055555556;0.084159537037037;0.197347285375967;0.430026954657511;0.93976682337528;0.0356161371407407;0.483827133333333;NA;NA;52.1771211327399;6.95362405426725;2008-05-12;2008;5;NA
2008-06-06;NA;0.0345828014184397;0.0553326241134752;0.29444804964539;0.0514494680851064;0.228442978723404;0.118224343971631;0.452185997271278;0.481548863475496;0.77830414202399;0.127216449017234;0.70287363893617;NA;NA;52.1764729865822;6.95581675055769;2008-06-06;2008;6;NA
2008-07-24;NA;0.0236113779527559;0.0398311811023622;0.318016850393701;0.0339310236220472;0.214264763779528;0.0999628543307087;0.527405057446952;0.552352457076813;0.680352694220491;0.192539686952756;0.804551007244094;NA;NA;52.1776986323643;6.95580696826694;2008-07-24;2008;7;NA
2008-07-31;NA;0.0259184184782609;0.0466807391304348;0.318338592391304;0.0371463695652174;0.214976135869565;0.0956514239130435;0.521076266171584;0.564642491696393;0.683308509946329;0.190822426734783;0.787150751152174;NA;NA;52.1776551312699;6.95578999223007;2008-07-31;2008;7;NA
2008-09-26;NA;0.0325138565022422;0.0413078139013453;0.276954697309417;0.0472441143497758;0.217789742152466;0.103475325112108;0.435654345602961;0.506714475698861;0.786686821298391;0.120534869668161;0.707854146816143;NA;NA;52.1762756332024;6.95566189166489;2008-09-26;2008;9;NA
2008-10-28;NA;0.03379125;0.0432375;0.1924525;0.0579225;0.207055;0.125655;0.261642944874525;0.335860163305817;1.0758758654733;-0.035580108;0.537415595;NA;NA;52.1757686691732;6.95861968537505;2008-10-28;2008;10;NA
2009-03-21;NA;0.0576412091503268;0.0719537908496732;0.205879150326797;0.105794607843137;0.277378611111111;0.184653464052288;0.178391265233051;0.20028448970557;1.34550151184054;-0.146722923267974;0.324847362745098;NA;NA;52.1794420741243;6.95596260967683;2009-03-21;2009;3;NA
2009-04-06;NA;0.1007345;0.0920775;0.247128;0.1134725;0.2555485;0.169105;0.28507686458353;0.29485077974084;1.03397101588689;-0.016658378;0.370683394;NA;NA;52.1784905644841;6.95314894529476;2009-04-06;2009;4;NA
2009-05-24;NA;0.0386422423398329;0.0573853690807799;0.268522019498607;0.0660816504178273;0.251777889972145;0.142197513927577;0.369277525707233;0.391296031886809;0.938409149778335;0.0349238165194986;0.609127420389972;NA;NA;52.1782425393839;6.955858304228;2009-05-24;2009;5;NA
2009-05-31;NA;0.0325424830699774;0.0508719469525959;0.290923854401806;0.0539407110609481;0.239326715575621;0.125764627539503;0.432524999500565;0.458857561626226;0.822969428514742;0.0998554636151242;0.689058217042889;NA;NA;52.1776895024754;6.9557115163802;2009-05-31;2009;5;NA
2009-06-25;NA;0.0320500147058823;0.0499716838235294;0.332344757352941;0.0468321544117647;0.235926441176471;0.115030132352941;0.519805332637326;0.52380888195545;0.713261250238066;0.169418600794118;0.751984370970588;NA;NA;52.178352646667;6.95586925534338;2009-06-25;2009;6;NA
2009-07-02;NA;0.0346405815217391;0.0487431793478261;0.35868497826087;0.0409833967391304;0.22737564673913;0.101871864130435;0.590026374506355;0.578831238403218;0.639438271927686;0.222405913984783;0.792798165043478;NA;NA;52.1776551312699;6.95578999223007;2009-07-02;2009;7;NA
2009-08-19;NA;0.0289018097826087;0.0426712391304348;0.312687581521739;0.037618472826087;0.193589744565217;0.0867874565217391;0.51922883869921;0.58707634738355;0.62471126033507;0.232469549173913;0.782265913978261;NA;NA;52.1776551312699;6.95578999223007;2009-08-19;2009;8;NA
2009-09-20;NA;0.0452891195652174;0.049028402173913;0.29868864673913;0.0475224782608696;0.205985130434783;0.0924608858695652;0.504798042771629;0.55960999756307;0.691828778906396;0.183264426054348;0.724481800804348;NA;NA;52.1776551312699;6.95578999223007;2009-09-20;2009;9;NA
2010-04-09;NA;0.051421602393617;0.0583518218085106;0.16598513962766;0.0858846609042553;0.195398144946809;0.116152214095745;0.154259290154764;0.331887771552425;1.16199992958685;-0.0731614496832447;0.32739850037234;NA;NA;52.1771677474455;6.95571975162009;2010-04-09;2010;4;NA
2010-04-25;NA;0.0530109191176471;0.0685880514705882;0.21056125;0.0984562867647059;0.278458143382353;0.177240551470588;0.200261543089509;0.225669043913876;1.32397575969157;-0.137688062441176;0.367433077720588;NA;NA;52.1763413451669;6.95580782643057;2010-04-25;2010;4;NA
2010-06-03;NA;0.0431825;0.0637632608695652;0.224108288043478;0.0809138152173913;0.261861005434783;0.15840385326087;0.259726989611077;0.293127452130544;1.17127383748488;-0.0753571019514565;0.475330816326087;NA;NA;52.1776551312699;6.95578999223007;2010-06-03;2010;6;NA
2010-06-19;NA;0.047649327176781;0.05809577176781;0.333812295514512;0.0590531200527704;0.187501629287599;0.0774941556728232;0.5164773200094;0.632489909556396;0.563907087673844;0.280092195567282;0.698986009630607;NA;NA;52.1780636395528;6.95608864058311;2010-06-19;2010;6;NA
2010-06-28;NA;0.0412367543859649;0.0547358771929825;0.308917412280702;0.053654451754386;0.242760614035088;0.121196140350877;0.482171463322912;0.486035680254413;0.791173065851215;0.119032380105263;0.702466860263158;NA;NA;52.1764282217108;6.95594128743582;2010-06-28;2010;6;NA
2010-07-14;NA;0.0441429245283019;0.0603559905660377;0.407088443396226;0.0497575943396226;0.261159693396226;0.117619551886792;0.647168043532573;0.568992067207098;0.653210409630324;0.213007629150943;0.776740386320755;NA;NA;52.1760559605707;6.95580778904231;2010-07-14;2010;7;NA
2010-07-21;NA;0.0299277391304348;0.0488211358695652;0.380302788043478;0.0385330869565217;0.228653739130435;0.0995129619565217;0.614085263022393;0.598798444133115;0.608838152322387;0.245136646369565;0.81218697223913;NA;NA;52.1776551312699;6.95578999223007;2010-07-21;2010;7;NA
2010-07-30;NA;0.0165879375;0.0257949375;0.3231524375;0.0175380625;0.1530429375;0.0620646875;0.548700340531306;0.685225013148016;0.435784521706351;0.39731121525;0.918369067;NA;NA;52.178638786506;6.9568208090186;2010-07-30;2010;7;NA
2010-08-06;NA;0.030381107266436;0.0464206487889273;0.388256401384083;0.0360056660899654;0.227316314878893;0.0996859602076125;0.636384578962267;0.602739399407488;0.595938898816237;0.255786135121107;0.826854977716263;NA;NA;52.1766671398752;6.95568741643639;2010-08-06;2010;8;NA
2010-08-31;NA;0.0222733333333333;0.00766166666666667;0.115938333333333;0.00228999999999999;0.040405;0.0145275;0.295314444015572;0.724186846121537;0.348343494210474;0.48331302;0.961194956666667;NA;NA;52.1802153298296;6.95830527502561;2010-08-31;2010;8;NA
2010-10-09;NA;0.0293739130434783;0.040357472826087;0.198326679347826;0.0511051304347826;0.213684293478261;0.112578211956522;0.286680338472907;0.386034069380539;1.07705232573777;-0.0354198148875652;0.591010452956522;NA;NA;52.1776551312699;6.95578999223007;2010-10-09;2010;10;NA
2010-10-25;NA;0.0332608586956522;0.0422954456521739;0.184673048913043;0.0648887282608696;0.200354027173913;0.109797244565217;0.226579956934013;0.376323734825184;1.08306667873169;-0.0377232180291304;0.482826357043478;NA;NA;52.1776551312699;6.95578999223007;2010-10-25;2010;10;NA
2011-03-02;NA;0.0641507119565217;0.0718629673913043;0.196678711956522;0.102594695652174;0.24979914673913;0.161398961956522;0.177470163238371;0.245284864859379;1.26595963804949;-0.116287831171739;0.31943293523913;NA;NA;52.1776551312699;6.95578999223007;2011-03-02;2011;3;NA
2011-03-27;NA;0.06039578125;0.0764408854166667;0.215381197916667;0.111999244791667;0.29383984375;0.195402734375;0.180791038709059;0.189519201065178;1.36511946365283;-0.154112023541667;0.319461433020833;NA;NA;52.1786095912593;6.95641039122317;2011-03-27;2011;3;NA
2011-04-19;NA;0.0595888804347826;0.0794275;0.219054027173913;0.110382516304348;0.294094891304348;0.19420239673913;0.190449037616667;0.199750634371662;1.33965884600963;-0.144389730904348;0.335868172717391;NA;NA;52.1776551312699;6.95578999223007;2011-04-19;2011;4;NA
2011-05-05;NA;0.0682391847826087;0.0882990597826087;0.254080538043478;0.113373739130435;0.2702665;0.177342684782609;0.24873137231844;0.286695327004533;1.061620645102;-0.0288352001133261;0.38776847973913;NA;NA;52.1776551312699;6.95578999223007;2011-05-05;2011;5;NA
2011-05-21;NA;0.0458690706521739;0.0654808152173913;0.241406923913043;0.0817126902173913;0.265364565217391;0.161249625;0.289414322117286;0.310901097141224;1.09698351144367;-0.0435247291233261;0.501080308695652;NA;NA;52.1776551312699;6.95578999223007;2011-05-21;2011;5;NA
2011-06-06;NA;0.0930846631205674;0.0853224468085106;0.207517624113475;0.0905334042553192;0.242734007092199;0.197831968085106;0.274453120982392;0.166120103498365;1.19071120955226;-0.0842536719852482;0.385334655744681;NA;NA;52.1761958467605;6.95462791628806;2011-06-06;2011;6;NA
2011-08-02;NA;0.050093201754386;0.0611981359649123;0.336470723684211;0.0556076754385965;0.212642807017544;0.118457960526316;0.540549515078046;0.514607081289364;0.645919005639347;0.220233776210526;0.714661931491228;NA;NA;52.1780664651105;6.95608785466639;2011-08-02;2011;8;NA
2011-09-03;NA;0.0283270248868778;0.0391579185520362;0.295706040723982;0.0325581674208145;0.175476662895928;0.0862269683257919;0.513664760438271;0.574913120777658;0.601849952638848;0.252965581628959;0.79911793918552;NA;NA;52.1790483329153;6.95589974115619;2011-09-03;2011;9;NA
2011-09-19;NA;0.0458065352348993;0.0504190604026846;0.345314756711409;0.048063288590604;0.200433498322148;0.101007617449664;0.572950152786693;0.573438754681946;0.591103238772803;0.265519442562013;0.758321534966443;NA;NA;52.1767119002216;6.95570407952673;2011-09-19;2011;9;NA
2012-02-10;NA;0.0579027216748768;0.0664847536945813;0.208986366995074;0.110375972906404;0.235731268472906;0.151346366995074;0.172006192161915;0.287430026415805;1.13372137619146;-0.0598888593261084;0.31007400226601;NA;NA;52.1791519546435;6.95592274818339;2012-02-10;2012;2;NA
2012-04-30;NA;0.053072172489083;0.0725916484716157;0.224749028384279;0.102189934497817;0.259987816593886;0.164403220524017;0.214080396596858;0.276719399618857;1.1582663382612;-0.0709747388768559;0.379706347554585;NA;NA;52.1763094235921;6.95567819316633;2012-04-30;2012;4;NA
2012-05-23;NA;0.0422062817551963;0.0602948672055427;0.261291605080831;0.0709076443418014;0.233917800230947;0.130780479214781;0.347575238516329;0.411945266432528;0.898827724509134;0.0563528931159353;0.573233785773672;NA;NA;52.1778091726321;6.95584974160694;2012-05-23;2012;5;NA
2012-06-08;NA;0.028809061784897;0.0427864874141876;0.248113632723112;0.0458398054919908;0.171822151029748;0.086935;0.381132991401001;0.534644516379168;0.687307238846088;0.187715677028146;0.69276195979405;NA;NA;52.1777467100935;6.95575237399277;2012-06-08;2012;6;NA
2012-08-27;NA;0.0866611073825503;0.100207102908277;0.405432986577181;0.0984873378076063;0.260896862416107;0.144244692393736;0.568534962013809;0.519404028027698;0.639717219928033;0.221476285306488;0.628054706353468;NA;NA;52.1776584471988;6.95587439769301;2012-08-27;2012;8;NA
2012-10-14;NA;0.0540523333333333;0.0388943333333333;0.0991156666666667;0.0377906666666667;0.0705358333333333;0.0367475;0.166817159993085;0.55744599695586;0.713476813603068;0.168432420666667;0.448937514666667;NA;NA;52.1797482058819;6.95729916190739;2012-10-14;2012;10;NA
2013-04-01;NA;0.0728626388888889;0.0837167361111111;0.228897638888889;0.123872083333333;0.308210694444444;0.204900833333333;0.184392274226399;0.189333080079317;1.34481947799466;-0.145378679944444;0.297830805;NA;NA;52.1793619303097;6.9582603592614;2013-04-01;2013;4;NA
2013-04-24;NA;0.0694065120087336;0.0893874836244541;0.21853721069869;0.118109252183406;0.261976042576419;0.168317707423581;0.178729381790006;0.259490727669783;1.19539390040231;-0.0880508352613537;0.299095457816594;NA;NA;52.1776663111763;6.9558023489687;2013-04-24;2013;4;NA
2013-06-04;NA;0.04680475;0.0684573333333333;0.2590445;0.0869755833333333;0.274528;0.1611325;0.301615206308566;0.330326577868703;1.06153273338052;-0.0276759325461515;0.498592159969697;NA;NA;52.1768989131307;6.95570996050476;2013-06-04;2013;6;NA
2013-06-11;NA;0.0532354239130435;0.0709879293478261;0.309849402173913;0.0818334510869565;0.285269543478261;0.158163586956522;0.407276406423431;0.394632699440797;0.921813441808924;0.0420659709604348;0.582639481413043;NA;NA;52.1776551312699;6.95578999223007;2013-06-11;2013;6;NA
2013-07-06;NA;0.0315553358208955;0.049606828358209;0.326842332089552;0.0432452985074627;0.223031679104478;0.108043302238806;0.524896092036517;0.537199090459711;0.688371694764221;0.187304194955224;0.763833485820895;NA;NA;52.1760602864483;6.95578999223007;2013-07-06;2013;7;NA
2013-07-13;NA;0.07270925;0.083215625;0.47069475;0.070353875;0.266789125;0.122964125;0.743056584278664;0.599530040610498;0.567257481852898;0.276277693;0.7414965545;NA;NA;52.1798380374103;6.95816154458015;2013-07-13;2013;7;NA
2013-07-22;NA;0.0245938687782805;0.0435001809954751;0.360130328054299;0.0361605429864253;0.222171911764706;0.0977942647058823;0.581558226732212;0.591858040101493;0.620815923457496;0.236217621447964;0.816395055384615;NA;NA;52.1790483329153;6.95589974115619;2013-07-22;2013;7;NA
2013-10-01;NA;0.0291572608695652;0.0422486358695652;0.249136576086957;0.0467157119565217;0.20926002173913;0.101267402173913;0.385735713322013;0.484305538592961;0.843163519784066;0.0867034008482609;0.683556751282609;NA;NA;52.1776551312699;6.95578999223007;2013-10-01;2013;10;NA
2013-10-10;NA;0.0267913729508197;0.0370213729508197;0.232885389344262;0.0532285655737705;0.214908053278689;0.107265389344262;0.332659433516207;0.448365401168359;0.922334166743042;0.0422297480465574;0.629254093770492;NA;NA;52.1761309405829;6.95578336531404;2013-10-10;2013;10;NA
2013-10-26;NA;0.0673351063829787;0.0704256382978723;0.265456808510638;0.103481808510638;0.31394164893617;0.177637021276596;0.29417734995986;0.303179308175194;1.18723285019602;-0.0847141153191489;0.445711723404255;NA;NA;52.1790054711597;6.95778539894629;2013-10-26;2013;10;NA
2013-11-11;NA;0.0382689673913043;0.0457228623188406;0.184560199275362;0.0757417028985507;0.209721503623188;0.115854836956522;0.2018525234266;0.354839260121893;1.13743341400758;-0.0634289105869565;0.419264684492754;NA;NA;52.1793560717318;6.95641686006964;2013-11-11;2013;11;NA
2014-01-13;NA;0.0178866329479769;0.0345219075144509;0.138185303468208;0.0493603034682081;0.124956849710983;0.0813518641618497;0.171588185046635;0.404444002493003;0.90418648233858;0.0509610071910983;0.479979109190751;NA;NA;52.1765997406254;6.95450950350716;2014-01-13;2014;1;NA
2014-02-23;NA;0.06312;0.0973680815217391;0.267503347826087;0.126099364130435;0.289721972826087;0.199483054347826;0.228309117123803;0.255277599214056;1.08253349353702;-0.0386191978625217;0.362775851543478;NA;NA;52.1776551312699;6.95578999223007;2014-02-23;2014;2;NA
2014-03-02;NA;0.0518194366197183;0.0816457042253521;0.258215845070423;0.109751866197183;0.288371725352113;0.184304753521127;0.242953253428126;0.274949590356317;1.11572831649508;-0.0542055791408451;0.404309062676056;NA;NA;52.1756946530547;6.95440835801844;2014-03-02;2014;3;NA
2014-03-11;NA;0.0562310706521739;0.091557152173913;0.235040016304348;0.11582327173913;0.270111065217391;0.175492293478261;0.197264679326252;0.27414209063714;1.1329740251872;-0.0575217695043478;0.341836721782609;NA;NA;52.1776551312699;6.95578999223007;2014-03-11;2014;3;NA
2014-03-27;NA;0.058743375;0.0852282663043478;0.237154945652174;0.111550489130435;0.287978173913043;0.188449576086957;0.214650982926458;0.237745615313148;1.21216942466186;-0.0947909925717391;0.362707293413043;NA;NA;52.1776551312699;6.95578999223007;2014-03-27;2014;3;NA
2014-04-03;NA;0.0637834076086956;0.100047836956522;0.260646581521739;0.125000739130435;0.289391614130435;0.187612260869565;0.221640177967458;0.270447005605192;1.1089924791948;-0.0510564004036957;0.353431450195652;NA;NA;52.1776551312699;6.95578999223007;2014-04-03;2014;4;NA
2014-04-12;NA;0.0637895652173913;0.0976836141304348;0.271087255434783;0.123020918478261;0.306791940217391;0.197366690217391;0.242513036376726;0.262605687824073;1.13076433023155;-0.0602754298215217;0.378209397195652;NA;NA;52.1776551312699;6.95578999223007;2014-04-12;2014;4;NA
2014-04-19;NA;0.0479381467391304;0.0741431358695652;0.214643027173913;0.097584972826087;0.256552309782609;0.161867777173913;0.202360667121041;0.281177994872921;1.18109733720846;-0.0802516481421739;0.380615461978261;NA;NA;52.1776551312699;6.95578999223007;2014-04-19;2014;4;NA
2014-06-06;NA;0.0362775489130435;0.059926652173913;0.282012945652174;0.0559493152173913;0.22779825;0.123104076086957;0.420253032331267;0.45604624527196;0.809463204782998;0.108346789213348;0.669308885869565;NA;NA;52.1776551312699;6.95578999223007;2014-06-06;2014;6;NA
2014-06-22;NA;0.03766875;0.0681379411764706;0.405688308823529;0.0483921323529412;0.220579338235294;0.106992205882353;0.630544449205872;0.601105909776022;0.541554180069469;0.298878371470588;0.790640811470588;NA;NA;52.1766009318629;6.95785875948733;2014-06-22;2014;6;NA
2014-08-09;NA;0.0326213541666667;0.0773294791666667;0.452830520833333;0.0549696875;0.235567916666667;0.122212916666667;0.64250912372281;0.588763468282675;0.523007145321523;0.313840947916667;0.781737140416667;NA;NA;52.1757686691732;6.9574743333878;2014-08-09;2014;8;NA
2014-10-12;NA;0.0407278260869565;0.0736254184782609;0.281033885869565;0.0801042989130435;0.230974201086957;0.134729641304348;0.344677205079947;0.428512680398559;0.81373485952952;0.104334837930435;0.57078491923913;NA;NA;52.1776551312699;6.95578999223007;2014-10-12;2014;10;NA
2014-10-28;NA;0.0370748097826087;0.0637534565217391;0.243006347826087;0.079451472826087;0.223826592391304;0.131219923913043;0.283858851444348;0.389710448337457;0.91975585189687;0.0436924423565565;0.508740648826087;NA;NA;52.1776551312699;6.95578999223007;2014-10-28;2014;10;NA
2015-04-15;NA;0.0594919130434783;0.0846602717391304;0.245128152173913;0.11259572826087;0.294930114130435;0.191062494565217;0.226098154132933;0.245177091650373;1.19880178242461;-0.0886302406265217;0.377606904826087;NA;NA;52.1776551312699;6.95578999223007;2015-04-15;2015;4;NA
2015-05-24;NA;0.0551460658914729;0.090016492248062;0.283263042635659;0.106040465116279;0.269780048449612;0.173497965116279;0.296348720033149;0.333277009829641;0.949979175471732;0.0290094024158915;0.462768198914729;NA;NA;52.1765625291918;6.95597592260283;2015-05-24;2015;5;NA
2015-06-25;NA;0.038033125;0.0795925;0.370329375;0.05883;0.22625;0.12946375;0.541539782549711;0.517916008874708;0.611141400193874;0.2421634525;0.72597296;NA;NA;52.1754318009417;6.95868705902136;2015-06-25;2015;6;NA
2015-07-11;NA;0.0354402934782609;0.0604678641304348;0.367422445652174;0.0471008913043478;0.229598722826087;0.10952672826087;0.577813249303827;0.564732110504244;0.62943534998214;0.229080619141304;0.770722808543478;NA;NA;52.1776551312699;6.95578999223007;2015-07-11;2015;7;NA
2015-09-29;NA;0.0294817010869565;0.0504905054347826;0.286674673913043;0.0486157826086957;0.19658347826087;0.102114581521739;0.4357898800323;0.521055981953831;0.683966373533349;0.188584718017391;0.708580688869565;NA;NA;52.1776551312699;6.95578999223007;2015-09-29;2015;9;NA
2015-10-31;NA;0.0333939945652174;0.0532853423913043;0.211553043478261;0.0727083532608696;0.215138086956522;0.12252914673913;0.248678290879549;0.374921535387083;1.01589868656037;-0.00482417159573913;0.4905859815;NA;NA;52.1776551312699;6.95578999223007;2015-10-31;2015;10;NA
2016-01-19;NA;0.0212766968325792;0.0611698020361991;0.233436272624434;0.0929469852941176;0.133950107466063;0.0954045022624434;0.216378183086523;0.486301308831601;0.576113632920068;0.271070017538462;0.443999707941176;NA;NA;52.1776874462315;6.9556893890478;2016-01-19;2016;1;NA
2016-05-03;NA;0.0652916297468354;0.0996797705696203;0.287737911392405;0.128268544303797;0.30142394778481;0.193085522151899;0.256606651257806;0.296384888475033;1.04128230570097;-0.0183517615298734;0.395493911867089;NA;NA;52.1768133871065;6.95582836962354;2016-05-03;2016;5;NA
2016-05-26;NA;0.0489806956521739;0.0796630434782609;0.283518211956522;0.0845653967391304;0.270518663043478;0.161812239130435;0.351153738552181;0.361618287394827;0.952381141583589;0.028115740075;0.547130006891304;NA;NA;52.1776551312699;6.95578999223007;2016-05-26;2016;5;NA
2016-08-30;NA;0.0193492663043478;0.0385813315217391;0.317658445652174;0.0323883913043478;0.193055048913043;0.0879797608695652;0.520860224039624;0.588615604052329;0.609622825923382;0.243396854847826;0.813550517282609;NA;NA;52.1776551312699;6.95578999223007;2016-08-30;2016;8;NA
2016-09-15;NA;0.0286436086956522;0.0502058206521739;0.29510222826087;0.0446558423913043;0.204752592391304;0.0961817554347826;0.464011277126276;0.545334828468047;0.694977482015476;0.180704376373913;0.736294321673913;NA;NA;52.1776551312699;6.95578999223007;2016-09-15;2016;9;NA
2016-11-02;NA;0.0259848148148148;0.0442382510288066;0.221805298353909;0.0653050617283951;0.195907088477366;0.104394444444444;0.274589366638759;0.446756231019005;0.878054257223828;0.0682819418761317;0.547520472222222;NA;NA;52.1786837577218;6.95615597253101;2016-11-02;2016;11;NA
2016-12-04;NA;0.0167614024390244;0.0428095121951219;0.220603353658537;0.0732681707317073;0.145034756097561;0.0808211585365854;0.240740967500228;0.522711750637865;0.65627382583928;0.209553157017738;0.506317299223947;NA;NA;52.1776590153382;6.95573920056767;2016-12-04;2016;12;NA
2017-01-05;NA;0.00814858035714285;0.0267590089285714;0.143084794642857;0.0429894107142857;0.0931518660714286;0.0562548214285714;0.183017200281668;0.531553619204132;0.635615994132806;0.224383679892857;0.541440127857143;NA;NA;52.1782066326889;6.95492472211533;2017-01-05;2017;1;NA
2017-03-10;NA;0.0523440054347826;0.0763064891304348;0.238551527173913;0.105237804347826;0.26646922826087;0.170032945652174;0.226545998905569;0.287515700371175;1.11074032959586;-0.0500065445582609;0.395721173108696;NA;NA;52.1776551312699;6.95578999223007;2017-03-10;2017;3;NA
2017-03-26;NA;0.0563397554347826;0.0824367173913043;0.237336744565217;0.109487929347826;0.276671190217391;0.178890576086957;0.218302689210435;0.263006528617724;1.16035431451315;-0.0722279673265217;0.376116757347826;NA;NA;52.1776551312699;6.95578999223007;2017-03-26;2017;3;NA
2017-04-04;NA;0.0631402040816327;0.0885882738095238;0.245922414965986;0.116542865646259;0.307254149659864;0.202023154761905;0.221007215656088;0.222721050192636;1.24441639277752;-0.107049414314286;0.363860082891156;NA;NA;52.1774039696496;6.95685422084728;2017-04-04;2017;4;NA
2017-04-20;NA;0.06355140625;0.0993281696428571;0.279480792410714;0.119642075892857;0.288303504464286;0.190492879464286;0.263550297295292;0.28843008216492;1.0297181359971;-0.013717860415625;0.403838167544643;NA;NA;52.1789111685332;6.95566126044159;2017-04-20;2017;4;NA
2017-06-14;NA;0.0366356467391304;0.0636999510869565;0.316370548913044;0.0566678423913043;0.228545114130435;0.121055864130435;0.469782375158469;0.494671062358446;0.723455836332167;0.162391254319565;0.696226034;NA;NA;52.1776551312699;6.95578999223007;2017-06-14;2017;6;NA
2018-01-08;NA;0.0310460326086956;0.0563477065217391;0.212516619565217;0.0800686684782609;0.212147880434783;0.130212885869565;0.22834098486239;0.355585187430556;0.993284937159692;0.00617668273923913;0.460376523217391;NA;NA;52.1776551312699;6.95578999223007;2018-01-08;2018;1;NA
2018-02-25;NA;0.0506840217391304;0.0727900163043478;0.22392164673913;0.0991616793478261;0.263867907608696;0.170084538043478;0.218694226266344;0.266309228612513;1.1724399496161;-0.0769016081958043;0.396853926652174;NA;NA;52.1776551312699;6.95578999223007;2018-02-25;2018;2;NA
2018-05-09;NA;0.0535390597826087;0.081698402173913;0.263300809782609;0.0996972119565217;0.280822195652174;0.172353288043478;0.282122096299924;0.312622731474616;1.06352573935526;-0.0282786960919565;0.459723459456522;NA;NA;52.1776551312699;6.95578999223007;2018-05-09;2018;5;NA
2018-05-25;NA;0.0208759558823529;0.0431924754901961;0.216908897058824;0.0329349754901961;0.138912426470588;0.0684517647058824;0.365764984545706;0.563813165919319;0.641891332594264;0.219761820294118;0.73714390245098;NA;NA;52.1797318248385;6.95606212891909;2018-05-25;2018;5;NA
2018-07-03;NA;0.0235857010869565;0.0470152826086956;0.375464163043478;0.0339923586956522;0.198398179347826;0.0899466086956522;0.606844562939513;0.62287045176061;0.532974331206155;0.306201932195652;0.831757988130435;NA;NA;52.1776551312699;6.95578999223007;2018-07-03;2018;7;NA
2018-07-19;NA;0.026541472826087;0.0506495869565217;0.343285755434783;0.0381076141304348;0.182030239130435;0.0835822717391304;0.552411012697804;0.62441822720584;0.524934923355245;0.316999516673913;0.800535984847826;NA;NA;52.1776551312699;6.95578999223007;2018-07-19;2018;7;NA
2018-08-04;NA;0.0291658695652174;0.053205652173913;0.368055842391304;0.043771777173913;0.211395695652174;0.0950286684782609;0.573208931884116;0.603022802379505;0.582683224390798;0.266921524065217;0.783790209565217;NA;NA;52.1776551312699;6.95578999223007;2018-08-04;2018;8;NA
2018-09-05;NA;0.027032527173913;0.0473076195652174;0.31701602173913;0.0415654402173913;0.199964483695652;0.0901415597826087;0.503825183578445;0.58015051174336;0.638462008872737;0.223655955902174;0.765007930956522;NA;NA;52.1776551312699;6.95578999223007;2018-09-05;2018;9;NA
2018-12-10;NA;0.00375756097560975;0.0192785162601626;0.0938511382113821;0.025162174796748;0.091662093495935;0.0690383130081301;0.141239402169112;0.377965804574858;0.980366448647873;0.0109993463431707;0.611967970243902;NA;NA;52.1788985310839;6.95664010523065;2018-12-10;2018;12;NA
2019-04-01;NA;0.0501492663043478;0.0731088967391304;0.220363804347826;0.0985031141304348;0.27181522826087;0.176085875;0.214095079576446;0.246019440775873;1.22839141901085;-0.100045652665435;0.391751178195652;NA;NA;52.1776551312699;6.95578999223007;2019-04-01;2019;4;NA
2019-05-03;NA;0.0266311142857143;0.0501842357142857;0.173126128571429;0.0567934285714286;0.1482897;0.0842032285714286;0.219497403180771;0.469705187474981;0.824546942629898;0.100740300366571;0.545642635885714;NA;NA;52.17825186928;6.95556130682489;2019-05-03;2019;5;NA
2019-05-19;NA;0.0484420031055901;0.0754857763975155;0.276532810559006;0.0867028726708075;0.27779251552795;0.159213711180124;0.33146694017261;0.363480230089795;0.997391504820458;0.0044398032533913;0.532799859068323;NA;NA;52.179395128918;6.95589544663299;2019-05-19;2019;5;NA
2019-08-23;NA;0.0292215869565217;0.0520995543478261;0.350684331521739;0.044068597826087;0.201850266304348;0.0968641739130435;0.548061892425626;0.586389661772423;0.582035960211895;0.267010085956522;0.773930657847826;NA;NA;52.1776551312699;6.95578999223007;2019-08-23;2019;8;NA
2020-04-12;NA;0.0520879565217391;0.0752976576086957;0.243179597826087;0.0952562608695652;0.281332858695652;0.172654114130435;0.261100530801938;0.284992577802248;1.15428485832057;-0.0693414653608696;0.44359653873913;NA;NA;52.1776551312699;6.95578999223007;2020-04-12;2020;4;NA
2020-04-19;NA;0.0455778695652174;0.0701032663043478;0.241959375;0.0911520652173913;0.263741885869565;0.161663559782609;0.26197416858506;0.309958651027926;1.08915699851501;-0.0396322349759348;0.459084670608696;NA;NA;52.1776551312699;6.95578999223007;2020-04-19;2020;4;NA
2020-05-05;NA;0.0496308913043478;0.0751803641304348;0.275932875;0.0929835054347826;0.278220277173913;0.167802695652174;0.314708250700333;0.338002337178335;1.00934657808451;-0.000282981341956521;0.502983478847826;NA;NA;52.1776551312699;6.95578999223007;2020-05-05;2020;5;NA
2020-05-21;NA;0.0461547119565217;0.0734861847826087;0.266869233695652;0.0888809836956522;0.25771227173913;0.152570445652174;0.30741546863584;0.362923789090445;0.966980438833775;0.0202402008996304;0.505190333347826;NA;NA;52.1776551312699;6.95578999223007;2020-05-21;2020;5;NA
2020-11-29;NA;0.0275349402173913;0.0435292989130435;0.19061639673913;0.0604508260869565;0.183274913043478;0.107973277173913;0.242290612950705;0.391737904200287;0.960086710491523;0.0236263631871739;0.522313322021739;NA;NA;52.1776551312699;6.95578999223007;2020-11-29;2020;11;NA
2021-03-05;NA;0.0412604293478261;0.0583783423913043;0.204306016304348;0.0818644782608696;0.241152070652174;0.151676336956522;0.222262190830579;0.283248036103547;1.17532544333429;-0.0785914303306522;0.436629341673913;NA;NA;52.1776551312699;6.95578999223007;2021-03-05;2021;3;NA
2021-03-30;NA;0.058149375;0.077365;0.2184125;0.100265625;0.261951875;0.17178625;0.215012465489609;0.25191387200422;1.19598132043958;-0.0885670155;0.37781497;NA;NA;52.1754318009417;6.95868705902136;2021-03-30;2021;3;NA
2021-04-15;NA;0.0713669713656388;0.110480088105727;0.293012852422907;0.139187665198238;0.316486949339207;0.21065422907489;0.242378111642094;0.261746453134803;1.07845287241879;-0.0370984166865198;0.359177921277533;NA;NA;52.1784523366178;6.95670057525596;2021-04-15;2021;4;NA
2021-06-09;NA;0.0377893913043478;0.0680624076086957;0.332369690217391;0.0598737445652174;0.243269570652174;0.12474152173913;0.483930034505746;0.499813638926821;0.735239680467775;0.156469105752174;0.696128952478261;NA;NA;52.1776551312699;6.95578999223007;2021-06-09;2021;6;NA
2021-08-12;NA;0.0274409619565217;0.0448315434782609;0.380213711956522;0.0305567717391304;0.179972880434783;0.076161097826087;0.642458605850319;0.664576684791522;0.477941889769639;0.35480488976087;0.84923242226087;NA;NA;52.1776551312699;6.95578999223007;2021-08-12;2021;8;NA
2021-10-15;NA;0.0230322794117647;0.0418768721719457;0.284395016968326;0.0448367307692308;0.181091142533937;0.0891075;0.431301186048787;0.559177495435085;0.635081474310073;0.224256048529412;0.729072289660634;NA;NA;52.1777051280029;6.9556741461414;2021-10-15;2021;10;NA
2022-03-08;NA;0.0438685652173913;0.0623427065217391;0.212345342391304;0.086179347826087;0.246871592391304;0.151304010869565;0.226679349328746;0.295731904066398;1.15824204830662;-0.0713089377773913;0.431104106065217;NA;NA;52.1776551312699;6.95578999223007;2022-03-08;2022;3;NA
2022-03-24;NA;0.048636527173913;0.0724530217391304;0.220178358695652;0.0925185163043478;0.263087625;0.161994934782609;0.227298969654938;0.278756303349386;1.1910921519374;-0.0857058754673913;0.414802608434783;NA;NA;52.1776551312699;6.95578999223007;2022-03-24;2022;3;NA
2022-04-18;NA;0.0529849885321101;0.0758031766055046;0.236908268348624;0.0985453612385321;0.281014925458716;0.173812419724771;0.243192551549436;0.273035600442961;1.18304396158533;-0.0825417402720184;0.420374691376147;NA;NA;52.1775605609223;6.95593771976648;2022-04-18;2022;4;NA
